1.94, 1.14, 1.67 | 1.97, 1.12, 1.72 | 0.09, -0.01, -0.75 | 0.08, -0.01, -0.00
1.92, 1.14, 1.62 | 1.96, 1.13, 1.72 | -0.03, -0.04, 0.18 | 0.02, -0.03, -0.00
1.90, 1.14, 1.58 | 1.94, 1.13, 1.72 | -0.01, -0.04, 0.17 | 0.01, -0.04, -0.00
1.94, 1.13, 1.67 | 1.94, 1.13, 1.72 | -0.04, -0.01, 0.20 | -0.01, -0.02, -0.00
1.97, 1.12, 1.73 | 1.95, 1.13, 1.72 | -0.02, 0.02, 0.20 | -0.01, 0.01, -0.00
1.97, 1.12, 1.75 | 1.95, 1.13, 1.72 | -0.03, 0.02, 0.20 | -0.02, 0.02, 0.00
1.95, 1.13, 1.70 | 1.95, 1.13, 1.72 | -0.02, 0.04, 0.22 | -0.02, 0.04, 0.00
1.96, 1.10, 1.69 | 1.95, 1.12, 1.72 | -0.03, -0.01, 0.20 | -0.02, 0.00, 0.00
1.95, 1.12, 1.62 | 1.95, 1.12, 1.72 | 0.01, -0.01, 0.21 | -0.01, -0.01, 0.00
1.93, 1.13, 1.59 | 1.95, 1.12, 1.72 | -0.02, -0.02, 0.20 | -0.01, -0.02, -0.00
1.97, 1.12, 1.68 | 1.95, 1.12, 1.72 | -0.01, 0.02, 0.21 | -0.01, 0.01, -0.00
1.95, 1.13, 1.64 | 1.95, 1.12, 1.72 | -0.00, 0.01, 0.19 | -0.01, 0.01, -0.00
1.93, 1.13, 1.61 | 1.94, 1.12, 1.72 | -0.01, 0.02, 0.21 | -0.01, 0.02, -0.00
1.91, 1.13, 1.55 | 1.94, 1.12, 1.72 | -0.00, 0.02, 0.22 | -0.00, 0.02, -0.00
1.81, 1.02, 1.36 | 1.91, 1.10, 1.72 | 0.01, -0.02, 0.19 | -0.00, -0.01, -0.00
1.85, 1.04, 1.39 | 1.90, 1.09, 1.72 | -0.00, 0.02, 0.24 | -0.00, 0.01, -0.00
1.88, 1.06, 1.49 | 1.89, 1.08, 1.72 | -0.00, 0.02, 0.24 | -0.00, 0.01, -0.00
1.89, 1.07, 1.52 | 1.89, 1.08, 1.72 | -0.01, -0.01, 0.23 | -0.01, -0.00, -0.00
1.88, 1.10, 1.51 | 1.88, 1.08, 1.72 | -0.02, -0.02, 0.20 | -0.01, -0.02, -0.00
1.92, 1.12, 1.60 | 1.88, 1.08, 1.72 | 0.01, -0.03, 0.21 | -0.00, -0.03, -0.00
1.90, 1.12, 1.57 | 1.88, 1.09, 1.72 | 0.00, 0.00, 0.21 | -0.00, -0.00, -0.00
1.90, 1.12, 1.56 | 1.88, 1.10, 1.72 | -0.01, 0.00, 0.22 | -0.00, 0.00, -0.00
1.91, 1.12, 1.56 | 1.88, 1.10, 1.72 | -0.01, 0.01, 0.22 | -0.01, 0.01, -0.00
1.92, 1.14, 1.56 | 1.89, 1.11, 1.72 | -0.03, -0.01, 0.21 | -0.01, -0.01, -0.00
1.91, 1.14, 1.53 | 1.89, 1.11, 1.72 | -0.02, 0.01, 0.23 | -0.02, 0.01, -0.00
1.91, 1.13, 1.54 | 1.89, 1.12, 1.72 | -0.01, -0.01, 0.21 | -0.02, -0.01, -0.00
1.90, 1.13, 1.54 | 1.89, 1.12, 1.72 | -0.01, 0.00, 0.21 | -0.01, 0.00, -0.00
1.87, 1.15, 1.51 | 1.88, 1.12, 1.72 | 0.00, 0.00, 0.21 | -0.01, 0.00, -0.00
1.90, 1.14, 1.52 | 1.88, 1.13, 1.72 | -0.02, 0.02, 0.23 | -0.01, 0.02, -0.00
1.94, 1.14, 1.63 | 1.89, 1.13, 1.72 | -0.00, 0.00, 0.22 | -0.01, 0.00, -0.00
1.93, 1.12, 1.60 | 1.89, 1.13, 1.72 | -0.01, -0.01, 0.23 | -0.01, -0.00, -0.00
1.89, 1.14, 1.55 | 1.89, 1.13, 1.72 | 0.02, -0.00, 0.23 | 0.00, -0.00, -0.00
1.90, 1.14, 1.52 | 1.89, 1.14, 1.72 | -0.00, 0.00, 0.22 | -0.00, 0.00, -0.00
1.89, 1.14, 1.50 | 1.89, 1.14, 1.72 | -0.01, -0.00, 0.21 | -0.00, -0.00, -0.00
1.88, 1.14, 1.49 | 1.89, 1.14, 1.72 | -0.02, 0.00, 0.23 | -0.01, 0.00, -0.00
1.92, 1.13, 1.60 | 1.89, 1.14, 1.72 | -0.02, 0.00, 0.21 | -0.01, 0.00, -0.00
1.92, 1.13, 1.60 | 1.89, 1.14, 1.72 | -0.01, 0.01, 0.22 | -0.01, 0.01, -0.00
1.91, 1.14, 1.57 | 1.89, 1.14, 1.72 | 0.01, 0.00, 0.21 | -0.01, 0.00, -0.00
1.90, 1.13, 1.56 | 1.89, 1.14, 1.72 | 0.00, 0.01, 0.22 | -0.00, 0.01, -0.00
1.93, 1.12, 1.60 | 1.90, 1.14, 1.72 | -0.02, 0.02, 0.22 | -0.01, 0.02, -0.00
1.95, 1.12, 1.68 | 1.91, 1.13, 1.72 | 0.01, -0.01, 0.22 | -0.00, -0.01, -0.00
1.92, 1.14, 1.62 | 1.91, 1.14, 1.72 | -0.01, -0.01, 0.23 | -0.00, -0.01, -0.00
1.95, 1.13, 1.67 | 1.91, 1.13, 1.72 | 0.01, 0.00, 0.23 | 0.00, 0.00, -0.00
1.98, 1.12, 1.74 | 1.92, 1.13, 1.72 | -0.01, 0.01, 0.23 | -0.00, 0.00, -0.00
1.99, 1.13, 1.79 | 1.94, 1.13, 1.72 | -0.01, 0.00, 0.23 | -0.00, 0.00, -0.00
1.99, 1.13, 1.72 | 1.95, 1.13, 1.72 | -0.00, 0.01, 0.23 | -0.00, 0.01, -0.00
2.02, 1.12, 1.78 | 1.96, 1.13, 1.72 | 0.01, 0.01, 0.21 | 0.00, 0.01, -0.00
2.03, 1.11, 1.82 | 1.97, 1.13, 1.72 | 0.01, -0.01, 0.22 | 0.01, -0.01, -0.00
2.03, 1.12, 1.80 | 1.99, 1.12, 1.72 | 0.00, 0.01, 0.22 | 0.00, 0.01, -0.00
1.97, 1.13, 1.70 | 1.99, 1.13, 1.72 | -0.02, 0.00, 0.20 | -0.01, 0.01, -0.00
1.97, 1.14, 1.64 | 1.99, 1.13, 1.72 | -0.02, 0.02, 0.23 | -0.01, 0.01, -0.00
1.96, 1.12, 1.64 | 1.98, 1.13, 1.72 | -0.00, -0.00, 0.22 | -0.01, -0.00, -0.00
1.95, 1.11, 1.64 | 1.98, 1.12, 1.72 | -0.01, -0.01, 0.21 | -0.01, -0.01, -0.00
1.96, 1.11, 1.67 | 1.98, 1.12, 1.72 | -0.00, 0.02, 0.21 | -0.00, 0.01, -0.00
1.93, 1.12, 1.60 | 1.97, 1.12, 1.72 | -0.01, -0.00, 0.22 | -0.01, -0.00, -0.00
1.92, 1.12, 1.60 | 1.96, 1.12, 1.72 | -0.01, -0.00, 0.22 | -0.01, -0.00, -0.00
1.96, 1.12, 1.69 | 1.96, 1.12, 1.72 | 0.00, -0.01, 0.23 | -0.00, -0.01, -0.00
1.99, 1.14, 1.75 | 1.97, 1.12, 1.72 | 0.01, 0.00, 0.25 | 0.00, 0.00, -0.00
1.94, 1.14, 1.66 | 1.96, 1.13, 1.72 | -0.01, 0.00, 0.22 | -0.00, 0.00, -0.00
1.95, 1.13, 1.63 | 1.96, 1.13, 1.72 | -0.00, 0.00, 0.21 | -0.00, 0.00, -0.00
1.98, 1.13, 1.71 | 1.96, 1.13, 1.72 | -0.01, 0.01, 0.21 | -0.00, 0.01, -0.00
2.00, 1.13, 1.77 | 1.97, 1.13, 1.72 | -0.01, 0.01, 0.21 | -0.00, 0.01, -0.00
1.97, 1.14, 1.72 | 1.97, 1.13, 1.72 | 0.00, 0.01, 0.21 | -0.00, 0.01, -0.00
1.97, 1.14, 1.68 | 1.97, 1.14, 1.72 | -0.00, -0.01, 0.22 | -0.00, -0.01, -0.00
1.96, 1.15, 1.61 | 1.97, 1.14, 1.72 | -0.02, -0.01, 0.21 | -0.01, -0.01, -0.00
1.94, 1.16, 1.57 | 1.96, 1.14, 1.72 | -0.01, 0.01, 0.21 | -0.01, 0.01, -0.00
1.94, 1.16, 1.56 | 1.96, 1.15, 1.72 | -0.02, 0.00, 0.24 | -0.01, 0.00, -0.00
1.93, 1.14, 1.53 | 1.95, 1.15, 1.72 | -0.00, 0.00, 0.24 | -0.01, 0.00, -0.00
1.92, 1.15, 1.54 | 1.95, 1.15, 1.72 | 0.00, 0.01, 0.22 | -0.00, 0.01, -0.00
1.93, 1.15, 1.53 | 1.94, 1.15, 1.72 | -0.00, -0.00, 0.22 | -0.00, -0.00, -0.00
1.90, 1.14, 1.50 | 1.94, 1.15, 1.72 | 0.01, -0.00, 0.24 | 0.00, -0.00, -0.00
1.91, 1.14, 1.51 | 1.93, 1.15, 1.72 | -0.02, 0.00, 0.21 | -0.01, 0.00, -0.00
1.94, 1.14, 1.58 | 1.93, 1.15, 1.72 | 0.00, 0.01, 0.21 | -0.00, 0.01, -0.00
1.92, 1.15, 1.53 | 1.92, 1.15, 1.72 | -0.01, -0.00, 0.23 | -0.00, -0.00, -0.00
1.91, 1.15, 1.53 | 1.92, 1.15, 1.71 | -0.01, -0.00, 0.22 | -0.01, -0.00, -0.00
1.93, 1.15, 1.54 | 1.92, 1.15, 1.71 | 0.01, 0.00, 0.22 | -0.00, -0.00, -0.00
1.90, 1.15, 1.51 | 1.91, 1.15, 1.71 | -0.00, 0.02, 0.22 | -0.00, 0.01, -0.00
1.95, 1.13, 1.62 | 1.92, 1.15, 1.71 | 0.01, -0.02, 0.23 | 0.00, -0.01, -0.00
1.93, 1.14, 1.62 | 1.92, 1.15, 1.71 | 0.01, -0.00, 0.23 | 0.00, -0.01, -0.00
1.94, 1.14, 1.60 | 1.92, 1.15, 1.71 | 0.01, -0.00, 0.23 | 0.01, -0.00, -0.00
1.92, 1.13, 1.56 | 1.92, 1.15, 1.71 | -0.01, -0.01, 0.22 | 0.00, -0.01, -0.00
1.92, 1.14, 1.55 | 1.92, 1.14, 1.71 | -0.02, -0.00, 0.23 | -0.01, -0.00, -0.00
1.95, 1.13, 1.60 | 1.92, 1.14, 1.71 | -0.00, -0.00, 0.20 | -0.01, -0.00, -0.00
1.97, 1.13, 1.65 | 1.93, 1.14, 1.71 | 0.00, -0.00, 0.22 | -0.00, -0.00, -0.00
1.98, 1.12, 1.72 | 1.94, 1.13, 1.71 | -0.01, -0.01, 0.22 | -0.01, -0.01, -0.00
1.94, 1.14, 1.66 | 1.94, 1.13, 1.71 | -0.01, 0.01, 0.23 | -0.01, 0.01, -0.00
1.94, 1.14, 1.59 | 1.94, 1.14, 1.71 | -0.01, 0.01, 0.23 | -0.01, 0.01, -0.00
1.91, 1.15, 1.55 | 1.93, 1.14, 1.71 | -0.01, -0.01, 0.21 | -0.01, -0.00, -0.00
1.90, 1.15, 1.54 | 1.93, 1.14, 1.71 | 0.00, 0.00, 0.21 | -0.00, 0.00, -0.00
1.91, 1.14, 1.57 | 1.92, 1.14, 1.71 | 0.00, -0.01, 0.21 | -0.00, -0.01, -0.00
1.94, 1.13, 1.65 | 1.92, 1.14, 1.71 | -0.01, -0.00, 0.21 | -0.00, -0.01, -0.00
1.97, 1.14, 1.71 | 1.93, 1.14, 1.71 | 0.01, 0.00, 0.22 | 0.00, 0.00, -0.00
1.97, 1.12, 1.65 | 1.94, 1.14, 1.71 | -0.03, -0.00, 0.23 | -0.01, -0.00, -0.00
1.99, 1.12, 1.72 | 1.94, 1.13, 1.71 | -0.01, -0.01, 0.22 | -0.01, -0.01, -0.00
1.99, 1.12, 1.72 | 1.95, 1.13, 1.71 | -0.00, -0.01, 0.22 | -0.01, -0.01, -0.00
2.01, 1.12, 1.78 | 1.96, 1.13, 1.71 | 0.00, 0.01, 0.24 | -0.00, 0.01, -0.00
2.02, 1.12, 1.81 | 1.97, 1.12, 1.71 | -0.01, 0.02, 0.22 | -0.01, 0.02, -0.00
2.03, 1.11, 1.83 | 1.98, 1.12, 1.71 | 0.00, -0.01, 0.22 | -0.00, -0.00, -0.00
2.00, 1.12, 1.77 | 1.99, 1.12, 1.71 | -0.01, -0.01, 0.24 | -0.01, -0.01, -0.00
2.02, 1.09, 1.81 | 2.00, 1.11, 1.71 | -0.00, 0.00, 0.22 | -0.00, 0.00, -0.00
1.99, 1.10, 1.77 | 2.00, 1.11, 1.71 | -0.00, -0.00, 0.22 | -0.00, -0.00, -0.00
1.96, 1.12, 1.66 | 1.99, 1.11, 1.71 | 0.00, -0.01, 0.23 | -0.00, -0.01, -0.00
1.98, 1.12, 1.72 | 1.99, 1.11, 1.71 | -0.01, 0.00, 0.21 | -0.00, -0.00, -0.00
1.96, 1.11, 1.69 | 1.99, 1.11, 1.71 | 0.01, -0.01, 0.23 | 0.00, -0.01, -0.00
1.92, 1.13, 1.61 | 1.98, 1.11, 1.71 | 0.00, 0.01, 0.23 | 0.00, 0.01, -0.00
1.94, 1.11, 1.66 | 1.97, 1.11, 1.71 | -0.01, 0.00, 0.21 | -0.00, 0.00, -0.00
1.93, 1.10, 1.65 | 1.97, 1.11, 1.70 | 0.01, -0.00, 0.23 | 0.00, -0.00, -0.00
1.92, 1.12, 1.59 | 1.96, 1.11, 1.70 | -0.00, -0.01, 0.21 | 0.00, -0.01, -0.00
1.93, 1.13, 1.58 | 1.95, 1.11, 1.70 | 0.01, -0.01, 0.23 | 0.00, -0.01, -0.00
1.91, 1.14, 1.55 | 1.94, 1.12, 1.70 | -0.02, 0.00, 0.23 | -0.01, -0.00, -0.00
1.91, 1.15, 1.55 | 1.94, 1.12, 1.70 | -0.00, 0.00, 0.21 | -0.01, 0.00, -0.00
1.95, 1.15, 1.65 | 1.94, 1.13, 1.70 | 0.01, 0.01, 0.23 | -0.00, 0.01, -0.00
1.98, 1.14, 1.72 | 1.94, 1.13, 1.70 | 0.01, 0.01, 0.23 | 0.00, 0.01, -0.00
2.00, 1.13, 1.77 | 1.95, 1.13, 1.70 | -0.02, 0.02, 0.22 | -0.00, 0.01, -0.00
1.96, 1.14, 1.67 | 1.95, 1.13, 1.70 | -0.01, -0.00, 0.22 | -0.01, -0.00, -0.00
1.98, 1.14, 1.74 | 1.96, 1.13, 1.70 | -0.00, -0.00, 0.22 | -0.01, -0.00, -0.00
1.95, 1.14, 1.68 | 1.96, 1.13, 1.70 | -0.00, -0.00, 0.23 | -0.00, -0.00, -0.00
1.96, 1.10, 1.67 | 1.96, 1.13, 1.70 | 0.00, 0.00, 0.21 | -0.00, 0.00, -0.00
1.96, 1.11, 1.68 | 1.96, 1.12, 1.70 | -0.01, -0.01, 0.20 | -0.01, -0.01, -0.00
1.98, 1.13, 1.74 | 1.96, 1.13, 1.70 | 0.00, 0.00, 0.21 | -0.00, -0.00, -0.00
1.94, 1.15, 1.65 | 1.96, 1.13, 1.70 | -0.00, 0.00, 0.23 | -0.00, 0.00, -0.00
1.94, 1.14, 1.61 | 1.95, 1.13, 1.70 | 0.00, 0.01, 0.21 | -0.00, 0.01, -0.00
1.97, 1.13, 1.69 | 1.95, 1.13, 1.70 | -0.01, 0.00, 0.20 | -0.01, 0.00, -0.00
1.99, 1.12, 1.71 | 1.96, 1.13, 1.69 | 0.01, 0.00, 0.23 | -0.00, 0.00, -0.00
1.98, 1.11, 1.70 | 1.96, 1.12, 1.69 | 0.00, 0.00, 0.22 | -0.00, 0.00, -0.00
1.95, 1.11, 1.67 | 1.96, 1.12, 1.69 | -0.00, 0.00, 0.20 | -0.00, 0.00, -0.00
1.92, 1.13, 1.61 | 1.95, 1.12, 1.69 | -0.00, -0.00, 0.22 | -0.00, -0.00, -0.00
1.92, 1.13, 1.56 | 1.95, 1.13, 1.69 | -0.01, -0.00, 0.22 | -0.00, -0.00, -0.00
1.91, 1.12, 1.57 | 1.94, 1.13, 1.69 | 0.00, 0.01, 0.23 | -0.00, 0.01, -0.00
1.91, 1.12, 1.57 | 1.93, 1.12, 1.69 | -0.00, -0.00, 0.21 | -0.00, -0.00, -0.00
1.91, 1.12, 1.59 | 1.93, 1.12, 1.69 | -0.00, -0.01, 0.21 | -0.00, -0.01, -0.00
1.89, 1.12, 1.54 | 1.92, 1.12, 1.68 | 0.01, 0.00, 0.22 | 0.00, 0.00, -0.00
1.93, 1.12, 1.64 | 1.92, 1.12, 1.68 | 0.00, 0.00, 0.20 | 0.00, 0.00, -0.00
1.95, 1.11, 1.62 | 1.92, 1.12, 1.68 | -0.00, -0.01, 0.21 | 0.00, -0.01, -0.00
1.93, 1.12, 1.58 | 1.92, 1.12, 1.68 | 0.01, 0.01, 0.19 | 0.01, 0.01, -0.00
1.90, 1.12, 1.57 | 1.92, 1.12, 1.68 | 0.00, -0.01, 0.23 | 0.00, -0.01, -0.00
1.92, 1.14, 1.56 | 1.92, 1.12, 1.68 | -0.01, -0.01, 0.23 | 0.00, -0.01, -0.00
1.93, 1.15, 1.55 | 1.92, 1.13, 1.67 | -0.02, 0.01, 0.22 | -0.01, 0.00, -0.00
1.93, 1.14, 1.57 | 1.92, 1.13, 1.67 | -0.01, 0.02, 0.23 | -0.01, 0.02, -0.00
1.91, 1.14, 1.53 | 1.92, 1.13, 1.67 | 0.00, -0.01, 0.21 | -0.00, -0.00, -0.00
1.93, 1.13, 1.60 | 1.92, 1.13, 1.67 | -0.00, 0.00, 0.23 | -0.00, 0.00, -0.00
1.89, 1.15, 1.56 | 1.91, 1.13, 1.67 | -0.01, -0.00, 0.23 | -0.00, -0.00, -0.00
1.92, 1.12, 1.59 | 1.91, 1.13, 1.66 | 0.01, -0.01, 0.23 | 0.00, -0.01, -0.00
1.93, 1.13, 1.58 | 1.91, 1.13, 1.66 | -0.01, -0.01, 0.22 | -0.00, -0.01, -0.00
1.91, 1.14, 1.57 | 1.91, 1.13, 1.66 | -0.00, 0.01, 0.23 | -0.00, 0.00, -0.00
1.91, 1.14, 1.54 | 1.91, 1.14, 1.66 | -0.02, 0.01, 0.22 | -0.01, 0.01, -0.00
1.94, 1.13, 1.63 | 1.91, 1.14, 1.66 | 0.00, 0.00, 0.23 | -0.01, 0.00, -0.00
1.93, 1.14, 1.59 | 1.92, 1.14, 1.66 | 0.01, 0.00, 0.21 | -0.00, 0.00, -0.00
1.94, 1.11, 1.69 | 1.92, 1.13, 1.65 | -0.02, -0.00, 0.23 | -0.01, -0.00, -0.00
1.94, 1.12, 1.63 | 1.92, 1.13, 1.65 | 0.00, -0.01, 0.22 | -0.00, -0.01, -0.00
1.93, 1.11, 1.61 | 1.92, 1.13, 1.65 | -0.01, 0.01, 0.22 | -0.01, 0.01, -0.00
1.96, 1.11, 1.70 | 1.93, 1.12, 1.65 | -0.01, -0.02, 0.22 | -0.01, -0.01, -0.00
1.93, 1.12, 1.65 | 1.93, 1.12, 1.65 | -0.01, 0.00, 0.22 | -0.01, -0.00, -0.00
1.92, 1.12, 1.62 | 1.93, 1.12, 1.65 | -0.01, -0.00, 0.21 | -0.01, -0.00, -0.00
1.94, 1.12, 1.67 | 1.93, 1.12, 1.65 | -0.01, -0.01, 0.24 | -0.01, -0.01, -0.00
1.94, 1.13, 1.64 | 1.93, 1.12, 1.65 | -0.01, 0.01, 0.22 | -0.01, 0.01, -0.00
1.97, 1.13, 1.71 | 1.93, 1.12, 1.65 | 0.00, 0.00, 0.23 | -0.01, 0.00, -0.00
2.00, 1.10, 1.77 | 1.94, 1.12, 1.65 | -0.02, 0.00, 0.21 | -0.01, 0.00, -0.00
1.99, 1.11, 1.70 | 1.95, 1.12, 1.65 | 0.01, -0.00, 0.23 | -0.00, 0.00, -0.00
2.01, 1.10, 1.77 | 1.96, 1.11, 1.65 | -0.00, -0.01, 0.23 | -0.00, -0.01, -0.00
1.99, 1.11, 1.73 | 1.97, 1.11, 1.65 | -0.01, 0.01, 0.24 | -0.01, 0.01, -0.00
1.94, 1.13, 1.68 | 1.96, 1.11, 1.65 | -0.01, -0.01, 0.23 | -0.01, -0.01, -0.00
1.98, 1.12, 1.72 | 1.97, 1.11, 1.65 | -0.01, -0.01, 0.22 | -0.01, -0.01, -0.00
1.96, 1.10, 1.70 | 1.97, 1.11, 1.65 | -0.01, 0.01, 0.22 | -0.01, 0.01, -0.00
1.99, 1.12, 1.76 | 1.97, 1.11, 1.65 | -0.01, 0.01, 0.23 | -0.01, 0.01, -0.00
1.97, 1.12, 1.69 | 1.97, 1.11, 1.65 | 0.01, 0.01, 0.23 | -0.00, 0.01, -0.00
1.93, 1.13, 1.62 | 1.97, 1.12, 1.65 | -0.00, -0.01, 0.23 | -0.00, -0.00, -0.00
1.93, 1.13, 1.60 | 1.96, 1.12, 1.65 | 0.01, 0.00, 0.23 | -0.00, 0.00, -0.00
1.91, 1.13, 1.57 | 1.95, 1.12, 1.65 | -0.01, 0.01, 0.22 | -0.00, 0.01, -0.00
1.90, 1.13, 1.57 | 1.94, 1.12, 1.64 | 0.00, 0.01, 0.21 | -0.00, 0.01, -0.00
1.90, 1.13, 1.57 | 1.93, 1.13, 1.64 | -0.01, 0.00, 0.24 | -0.00, 0.00, -0.00
1.90, 1.14, 1.55 | 1.93, 1.13, 1.64 | -0.01, -0.00, 0.21 | -0.01, -0.00, -0.00
1.94, 1.14, 1.64 | 1.93, 1.13, 1.64 | -0.01, -0.01, 0.22 | -0.01, -0.01, -0.00
1.92, 1.14, 1.61 | 1.92, 1.13, 1.64 | -0.01, 0.02, 0.23 | -0.01, 0.02, -0.00
1.89, 1.15, 1.56 | 1.92, 1.14, 1.63 | -0.00, 0.00, 0.22 | -0.01, 0.01, -0.00
1.88, 1.17, 1.56 | 1.91, 1.15, 1.63 | -0.02, -0.00, 0.22 | -0.01, -0.00, -0.00
1.87, 1.16, 1.52 | 1.90, 1.15, 1.63 | -0.01, -0.01, 0.22 | -0.01, -0.01, -0.00
1.87, 1.16, 1.50 | 1.89, 1.15, 1.63 | -0.00, -0.01, 0.22 | -0.01, -0.01, -0.00
1.87, 1.15, 1.51 | 1.88, 1.15, 1.62 | -0.00, -0.01, 0.21 | -0.01, -0.01, -0.00
1.87, 1.14, 1.52 | 1.88, 1.15, 1.62 | -0.00, 0.01, 0.21 | -0.00, 0.01, -0.00
1.87, 1.14, 1.50 | 1.87, 1.15, 1.62 | -0.00, -0.00, 0.21 | -0.00, -0.00, -0.00
1.88, 1.14, 1.50 | 1.87, 1.15, 1.61 | 0.00, 0.01, 0.22 | -0.00, 0.01, -0.00
1.89, 1.14, 1.51 | 1.87, 1.15, 1.61 | -0.00, -0.01, 0.21 | -0.00, -0.01, -0.00
1.89, 1.13, 1.52 | 1.87, 1.15, 1.61 | -0.01, -0.00, 0.23 | -0.01, -0.00, -0.00
1.93, 1.13, 1.63 | 1.88, 1.14, 1.61 | 0.01, -0.01, 0.23 | -0.00, -0.01, -0.00
1.91, 1.14, 1.59 | 1.88, 1.14, 1.61 | -0.00, -0.00, 0.23 | -0.00, -0.00, -0.00
1.89, 1.15, 1.53 | 1.88, 1.15, 1.60 | -0.01, 0.00, 0.22 | -0.00, 0.00, -0.00
1.87, 1.15, 1.50 | 1.88, 1.15, 1.60 | 0.00, -0.01, 0.24 | -0.00, -0.01, -0.00
1.89, 1.14, 1.53 | 1.88, 1.15, 1.60 | 0.00, -0.00, 0.22 | -0.00, -0.00, -0.00
1.93, 1.14, 1.64 | 1.88, 1.15, 1.60 | -0.01, 0.01, 0.23 | -0.00, 0.01, -0.00
1.90, 1.14, 1.58 | 1.88, 1.14, 1.60 | -0.01, -0.01, 0.21 | -0.01, -0.01, -0.00
1.93, 1.13, 1.66 | 1.89, 1.14, 1.60 | -0.00, -0.01, 0.20 | -0.00, -0.01, -0.00
1.97, 1.13, 1.74 | 1.90, 1.14, 1.60 | -0.01, 0.00, 0.21 | -0.01, 0.00, -0.00
1.96, 1.13, 1.67 | 1.91, 1.14, 1.60 | -0.01, 0.01, 0.21 | -0.01, 0.01, -0.00
1.92, 1.14, 1.62 | 1.91, 1.14, 1.60 | -0.01, 0.00, 0.23 | -0.01, 0.00, -0.00
1.91, 1.16, 1.60 | 1.91, 1.14, 1.59 | -0.00, -0.01, 0.21 | -0.01, -0.01, -0.00
1.88, 1.17, 1.57 | 1.90, 1.15, 1.59 | -0.00, -0.01, 0.23 | -0.00, -0.01, -0.00
1.87, 1.17, 1.53 | 1.90, 1.15, 1.59 | -0.01, 0.01, 0.21 | -0.01, 0.00, -0.00
1.89, 1.16, 1.53 | 1.90, 1.15, 1.59 | -0.00, 0.00, 0.21 | -0.00, 0.00, -0.00
1.93, 1.14, 1.63 | 1.90, 1.15, 1.59 | -0.01, 0.01, 0.22 | -0.01, 0.01, -0.00
1.93, 1.13, 1.60 | 1.90, 1.15, 1.59 | 0.00, 0.01, 0.21 | -0.00, 0.01, -0.00
1.93, 1.13, 1.59 | 1.91, 1.14, 1.59 | 0.01, -0.00, 0.24 | 0.00, -0.00, -0.00
1.92, 1.13, 1.58 | 1.91, 1.14, 1.58 | 0.00, 0.02, 0.23 | 0.00, 0.02, -0.00
1.90, 1.15, 1.54 | 1.91, 1.14, 1.58 | -0.01, 0.01, 0.22 | -0.00, 0.01, -0.00
1.90, 1.15, 1.54 | 1.91, 1.14, 1.58 | 0.00, -0.00, 0.24 | 0.00, -0.00, -0.00
1.89, 1.15, 1.52 | 1.90, 1.14, 1.58 | -0.01, 0.01, 0.24 | -0.00, 0.00, -0.00
1.90, 1.15, 1.54 | 1.90, 1.15, 1.58 | -0.03, 0.00, 0.23 | -0.01, 0.00, -0.00
1.93, 1.13, 1.65 | 1.91, 1.14, 1.58 | -0.00, 0.01, 0.24 | -0.01, 0.01, -0.00
1.91, 1.13, 1.60 | 1.91, 1.14, 1.57 | -0.00, -0.01, 0.21 | -0.01, -0.00, -0.00
1.92, 1.13, 1.58 | 1.91, 1.14, 1.57 | 0.01, 0.00, 0.22 | 0.00, -0.00, -0.00
1.90, 1.14, 1.57 | 1.91, 1.14, 1.57 | -0.00, 0.01, 0.21 | -0.00, 0.01, -0.00
1.91, 1.14, 1.53 | 1.91, 1.14, 1.57 | -0.00, -0.01, 0.22 | -0.00, -0.01, -0.00
1.91, 1.14, 1.52 | 1.91, 1.14, 1.57 | 0.01, -0.00, 0.23 | 0.00, -0.00, -0.00
1.91, 1.14, 1.53 | 1.91, 1.14, 1.56 | -0.01, -0.02, 0.22 | -0.00, -0.02, -0.00
1.93, 1.13, 1.55 | 1.91, 1.14, 1.56 | -0.00, 0.01, 0.22 | -0.00, 0.00, -0.00
1.93, 1.14, 1.56 | 1.91, 1.14, 1.56 | 0.01, 0.00, 0.22 | 0.00, 0.00, -0.00
1.92, 1.14, 1.57 | 1.92, 1.14, 1.56 | -0.01, -0.00, 0.23 | -0.00, -0.00, -0.00
1.94, 1.13, 1.57 | 1.92, 1.14, 1.56 | -0.00, 0.02, 0.21 | -0.00, 0.01, -0.00
1.94, 1.13, 1.55 | 1.92, 1.13, 1.56 | -0.01, -0.00, 0.23 | -0.01, -0.00, -0.00
1.94, 1.13, 1.65 | 1.93, 1.13, 1.56 | -0.01, -0.02, 0.22 | -0.01, -0.02, -0.00
1.95, 1.12, 1.61 | 1.93, 1.13, 1.56 | -0.00, -0.01, 0.20 | -0.00, -0.01, -0.00
1.95, 1.12, 1.65 | 1.93, 1.13, 1.56 | 0.00, 0.01, 0.22 | -0.00, 0.00, -0.00
1.92, 1.13, 1.63 | 1.93, 1.13, 1.56 | 0.00, 0.00, 0.21 | -0.00, 0.00, -0.00
1.91, 1.14, 1.60 | 1.93, 1.13, 1.56 | -0.01, -0.02, 0.21 | -0.01, -0.01, -0.00
1.92, 1.14, 1.57 | 1.93, 1.13, 1.56 | 0.00, -0.01, 0.22 | -0.00, -0.01, -0.00
1.90, 1.16, 1.55 | 1.92, 1.14, 1.55 | 0.01, 0.01, 0.22 | 0.00, 0.01, -0.00
1.88, 1.18, 1.51 | 1.92, 1.14, 1.55 | -0.01, -0.00, 0.25 | -0.00, 0.00, -0.00
1.87, 1.18, 1.49 | 1.91, 1.15, 1.55 | -0.01, 0.00, 0.23 | -0.00, 0.00, -0.00
1.86, 1.17, 1.46 | 1.90, 1.16, 1.55 | -0.01, 0.02, 0.22 | -0.01, 0.01, -0.00
1.85, 1.16, 1.46 | 1.89, 1.16, 1.54 | -0.01, 0.01, 0.22 | -0.01, 0.01, -0.00
1.90, 1.14, 1.58 | 1.89, 1.15, 1.54 | 0.01, -0.01, 0.23 | -0.00, -0.01, -0.00
1.93, 1.14, 1.66 | 1.90, 1.15, 1.54 | -0.01, 0.01, 0.23 | -0.00, 0.01, -0.00
1.94, 1.12, 1.65 | 1.90, 1.15, 1.54 | 0.00, -0.00, 0.22 | -0.00, -0.00, -0.00
1.95, 1.12, 1.61 | 1.91, 1.14, 1.54 | -0.01, -0.01, 0.22 | -0.00, -0.01, -0.00
1.98, 1.12, 1.69 | 1.92, 1.14, 1.54 | 0.00, 0.01, 0.22 | -0.00, 0.00, -0.00
1.94, 1.12, 1.63 | 1.92, 1.13, 1.54 | -0.00, -0.01, 0.22 | -0.00, -0.01, -0.00
1.92, 1.13, 1.60 | 1.92, 1.13, 1.54 | 0.01, -0.01, 0.23 | 0.00, -0.01, -0.00
1.91, 1.15, 1.58 | 1.92, 1.14, 1.54 | -0.02, 0.01, 0.22 | -0.00, 0.00, -0.00
1.92, 1.15, 1.55 | 1.92, 1.14, 1.54 | 0.00, 0.00, 0.21 | -0.00, 0.00, -0.00
1.98, 1.20, 1.46 | 1.93, 1.15, 1.54 | -0.01, 0.00, 0.21 | -0.00, 0.00, -0.00
2.00, 1.17, 1.58 | 1.94, 1.15, 1.54 | -0.00, 0.01, 0.22 | -0.00, 0.01, -0.00
1.98, 1.17, 1.54 | 1.95, 1.16, 1.54 | 0.01, 0.01, 0.22 | 0.00, 0.01, -0.00
1.97, 1.17, 1.54 | 1.95, 1.16, 1.53 | -0.01, -0.00, 0.23 | -0.00, 0.00, -0.00
1.94, 1.17, 1.52 | 1.95, 1.17, 1.53 | -0.01, -0.01, 0.22 | -0.01, -0.01, -0.00
1.95, 1.15, 1.59 | 1.95, 1.16, 1.53 | 0.00, 0.00, 0.22 | -0.00, 0.00, -0.00
1.96, 1.15, 1.58 | 1.95, 1.16, 1.53 | -0.01, 0.00, 0.23 | -0.01, 0.00, -0.00
1.96, 1.15, 1.56 | 1.96, 1.16, 1.53 | -0.01, -0.00, 0.23 | -0.01, -0.00, -0.00
1.94, 1.14, 1.56 | 1.95, 1.16, 1.53 | -0.00, -0.01, 0.23 | -0.01, -0.01, -0.00
1.93, 1.13, 1.57 | 1.95, 1.15, 1.53 | -0.01, 0.00, 0.21 | -0.01, -0.00, -0.00
1.95, 1.13, 1.62 | 1.95, 1.15, 1.53 | 0.01, -0.00, 0.21 | 0.00, -0.00, -0.00
1.97, 1.13, 1.70 | 1.96, 1.14, 1.53 | -0.02, -0.01, 0.25 | -0.01, -0.01, -0.00
1.97, 1.13, 1.71 | 1.96, 1.14, 1.53 | -0.00, 0.02, 0.23 | -0.01, 0.02, -0.00
1.97, 1.12, 1.69 | 1.96, 1.14, 1.53 | 0.01, -0.01, 0.22 | -0.00, -0.01, -0.00
1.93, 1.13, 1.63 | 1.96, 1.13, 1.53 | 0.01, 0.00, 0.22 | 0.00, 0.00, -0.00
1.96, 1.12, 1.69 | 1.96, 1.13, 1.54 | -0.01, 0.00, 0.21 | -0.00, 0.00, -0.00
1.93, 1.13, 1.65 | 1.95, 1.13, 1.54 | 0.00, -0.01, 0.21 | -0.00, -0.01, -0.00
1.93, 1.14, 1.60 | 1.95, 1.13, 1.54 | 0.01, -0.00, 0.21 | 0.00, -0.01, -0.00
1.92, 1.13, 1.59 | 1.94, 1.13, 1.54 | -0.01, 0.00, 0.22 | -0.00, -0.00, -0.00
1.95, 1.14, 1.66 | 1.95, 1.13, 1.54 | -0.02, 0.00, 0.22 | -0.01, 0.00, -0.00
1.98, 1.13, 1.73 | 1.95, 1.13, 1.54 | 0.00, 0.01, 0.22 | -0.01, 0.01, -0.00
1.98, 1.15, 1.70 | 1.96, 1.13, 1.54 | -0.01, 0.00, 0.23 | -0.01, 0.00, -0.00
1.97, 1.15, 1.65 | 1.96, 1.13, 1.54 | -0.01, -0.01, 0.22 | -0.01, -0.01, -0.00
1.98, 1.15, 1.69 | 1.96, 1.14, 1.54 | -0.01, -0.00, 0.21 | -0.01, -0.00, -0.00
1.96, 1.15, 1.62 | 1.96, 1.14, 1.54 | 0.00, -0.00, 0.23 | -0.00, -0.00, -0.00
1.95, 1.14, 1.63 | 1.96, 1.14, 1.54 | 0.01, 0.01, 0.22 | 0.00, 0.00, -0.00
1.95, 1.14, 1.60 | 1.96, 1.14, 1.54 | -0.00, 0.01, 0.21 | -0.00, 0.01, -0.00
1.98, 1.14, 1.69 | 1.96, 1.14, 1.54 | 0.01, -0.01, 0.21 | 0.00, -0.01, -0.00
1.99, 1.13, 1.76 | 1.97, 1.14, 1.55 | 0.01, -0.02, 0.23 | 0.00, -0.01, -0.00
1.98, 1.14, 1.73 | 1.97, 1.14, 1.55 | -0.00, -0.00, 0.23 | 0.00, -0.00, -0.00
2.00, 1.14, 1.78 | 1.98, 1.14, 1.55 | 0.00, 0.01, 0.20 | 0.00, 0.00, -0.00
1.96, 1.15, 1.70 | 1.97, 1.14, 1.55 | -0.01, 0.00, 0.22 | -0.00, 0.00, -0.00
1.96, 1.14, 1.71 | 1.97, 1.14, 1.55 | -0.00, 0.01, 0.24 | -0.00, 0.01, -0.00
1.97, 1.14, 1.72 | 1.97, 1.14, 1.55 | 0.01, 0.01, 0.21 | 0.00, 0.01, -0.00
1.97, 1.12, 1.74 | 1.97, 1.14, 1.56 | -0.00, 0.01, 0.20 | 0.00, 0.01, -0.00
1.96, 1.11, 1.71 | 1.97, 1.13, 1.56 | -0.01, 0.02, 0.22 | -0.00, 0.02, -0.00
1.94, 1.12, 1.67 | 1.97, 1.13, 1.56 | 0.01, 0.01, 0.23 | 0.00, 0.01, -0.00
1.98, 1.14, 1.72 | 1.97, 1.13, 1.56 | -0.02, -0.00, 0.21 | -0.01, -0.00, -0.00
1.97, 1.11, 1.70 | 1.97, 1.13, 1.56 | -0.01, 0.00, 0.23 | -0.01, 0.00, -0.00
1.97, 1.11, 1.67 | 1.97, 1.12, 1.56 | -0.01, 0.01, 0.21 | -0.01, 0.01, -0.00
1.97, 1.12, 1.63 | 1.97, 1.12, 1.56 | -0.01, 0.00, 0.22 | -0.01, 0.00, -0.00
1.95, 1.12, 1.59 | 1.97, 1.12, 1.56 | 0.01, -0.01, 0.22 | -0.00, -0.01, -0.00
1.92, 1.14, 1.55 | 1.96, 1.13, 1.56 | -0.01, -0.02, 0.22 | -0.00, -0.02, -0.00
1.96, 1.13, 1.64 | 1.96, 1.13, 1.56 | -0.01, -0.02, 0.21 | -0.01, -0.02, -0.00
1.98, 1.12, 1.67 | 1.96, 1.13, 1.56 | 0.01, -0.00, 0.23 | -0.00, -0.01, -0.00
2.00, 1.11, 1.74 | 1.97, 1.12, 1.56 | 0.01, -0.00, 0.21 | 0.00, -0.00, -0.00
2.00, 1.11, 1.75 | 1.97, 1.12, 1.56 | 0.00, 0.02, 0.24 | 0.00, 0.01, -0.00
1.98, 1.11, 1.70 | 1.97, 1.12, 1.57 | -0.01, 0.01, 0.21 | -0.00, 0.01, -0.00
2.01, 1.09, 1.76 | 1.98, 1.11, 1.57 | 0.01, 0.01, 0.21 | 0.00, 0.01, -0.00
2.03, 1.08, 1.81 | 1.99, 1.10, 1.57 | -0.00, 0.00, 0.23 | -0.00, 0.00, -0.00
2.01, 1.09, 1.78 | 1.99, 1.10, 1.57 | -0.01, -0.01, 0.23 | -0.00, -0.01, -0.00
1.98, 1.11, 1.68 | 1.99, 1.10, 1.57 | 0.00, 0.01, 0.24 | -0.00, 0.01, -0.00
1.98, 1.12, 1.70 | 1.99, 1.10, 1.58 | 0.01, -0.01, 0.21 | 0.00, -0.01, -0.00
1.98, 1.11, 1.72 | 1.99, 1.10, 1.58 | 0.00, 0.01, 0.23 | 0.00, 0.01, -0.00
1.96, 1.12, 1.70 | 1.99, 1.10, 1.58 | -0.02, 0.00, 0.20 | -0.00, 0.00, -0.00
1.92, 1.14, 1.61 | 1.97, 1.11, 1.58 | -0.01, -0.00, 0.22 | -0.01, -0.00, -0.00
1.92, 1.13, 1.60 | 1.96, 1.11, 1.58 | -0.01, -0.00, 0.23 | -0.01, -0.00, -0.00
1.92, 1.11, 1.60 | 1.96, 1.11, 1.58 | -0.01, 0.01, 0.21 | -0.01, 0.01, -0.00
1.91, 1.12, 1.55 | 1.95, 1.11, 1.57 | -0.01, 0.01, 0.22 | -0.01, 0.01, -0.00
1.89, 1.14, 1.55 | 1.94, 1.12, 1.57 | -0.01, 0.00, 0.22 | -0.01, 0.00, -0.00
