1.98, 1.97, 1.68 | 1.98, 1.98, 1.63 | 0.08, -0.02, -1.24 | 0.08, -0.02, -0.00
1.98, 1.96, 1.73 | 1.98, 1.97, 1.63 | -0.03, 0.00, 0.23 | 0.02, -0.00, -0.00
1.95, 1.96, 1.71 | 1.97, 1.97, 1.63 | -0.02, -0.01, 0.21 | 0.00, -0.01, -0.00
1.98, 1.94, 1.76 | 1.97, 1.96, 1.63 | -0.01, 0.02, 0.20 | -0.00, 0.01, -0.00
1.96, 1.93, 1.78 | 1.97, 1.95, 1.63 | -0.02, -0.01, 0.21 | -0.01, -0.00, -0.00
1.96, 1.92, 1.80 | 1.97, 1.94, 1.63 | -0.01, -0.00, 0.19 | -0.01, -0.00, 0.00
1.95, 1.92, 1.79 | 1.96, 1.94, 1.63 | -0.01, -0.01, 0.21 | -0.01, -0.01, 0.00
1.95, 1.91, 1.79 | 1.96, 1.93, 1.63 | -0.00, 0.01, 0.23 | -0.01, 0.01, 0.00
1.95, 1.90, 1.82 | 1.96, 1.92, 1.63 | -0.02, -0.01, 0.23 | -0.01, -0.00, 0.00
1.96, 1.91, 1.79 | 1.96, 1.91, 1.63 | 0.02, -0.01, 0.22 | -0.00, -0.01, 0.00
1.98, 1.91, 1.81 | 1.96, 1.91, 1.63 | -0.01, -0.02, 0.21 | -0.01, -0.02, 0.00
1.98, 1.93, 1.83 | 1.96, 1.91, 1.63 | -0.02, -0.02, 0.22 | -0.01, -0.02, 0.00
1.96, 1.92, 1.84 | 1.96, 1.91, 1.63 | 0.01, -0.02, 0.24 | -0.00, -0.02, 0.00
1.95, 1.91, 1.84 | 1.96, 1.90, 1.63 | 0.02, 0.05, 0.23 | 0.01, 0.04, 0.00
1.96, 1.92, 1.84 | 1.96, 1.90, 1.63 | -0.01, -0.05, 0.21 | -0.00, -0.03, 0.00
1.97, 1.91, 1.85 | 1.96, 1.90, 1.63 | -0.02, -0.00, 0.24 | -0.01, -0.01, 0.00
1.96, 1.91, 1.82 | 1.96, 1.90, 1.63 | -0.01, -0.03, 0.22 | -0.01, -0.02, 0.00
1.94, 1.91, 1.79 | 1.95, 1.90, 1.63 | 0.00, 0.02, 0.23 | -0.00, 0.01, 0.00
1.94, 1.91, 1.82 | 1.95, 1.90, 1.63 | -0.00, 0.02, 0.24 | -0.00, 0.02, 0.00
1.95, 1.90, 1.83 | 1.95, 1.90, 1.63 | -0.02, -0.00, 0.22 | -0.01, 0.00, 0.00
1.95, 1.90, 1.83 | 1.95, 1.89, 1.63 | -0.00, -0.01, 0.22 | -0.01, -0.01, 0.00
1.97, 1.95, 1.79 | 1.95, 1.90, 1.63 | -0.01, 0.02, 0.23 | -0.01, 0.01, 0.00
1.96, 1.93, 1.75 | 1.95, 1.91, 1.63 | -0.00, 0.04, 0.23 | -0.01, 0.03, 0.00
1.97, 1.94, 1.78 | 1.95, 1.91, 1.63 | 0.01, 0.00, 0.21 | -0.00, 0.01, 0.00
1.95, 1.94, 1.73 | 1.95, 1.92, 1.63 | -0.00, 0.01, 0.21 | -0.00, 0.01, 0.00
1.96, 1.93, 1.73 | 1.95, 1.92, 1.63 | -0.01, 0.00, 0.23 | -0.01, 0.00, 0.00
1.96, 1.92, 1.77 | 1.95, 1.92, 1.63 | -0.00, 0.01, 0.22 | -0.01, 0.01, 0.00
1.95, 1.93, 1.78 | 1.95, 1.92, 1.63 | -0.01, 0.02, 0.21 | -0.01, 0.02, 0.00
1.94, 1.92, 1.81 | 1.95, 1.92, 1.63 | 0.00, -0.05, 0.22 | -0.00, -0.04, 0.00
1.94, 1.91, 1.82 | 1.95, 1.92, 1.63 | -0.01, -0.06, 0.22 | -0.00, -0.05, 0.00
1.95, 1.92, 1.81 | 1.95, 1.92, 1.63 | 0.00, -0.03, 0.22 | -0.00, -0.03, 0.00
1.95, 1.94, 1.79 | 1.95, 1.92, 1.63 | 0.01, -0.02, 0.24 | 0.00, -0.02, 0.00
1.96, 1.92, 1.82 | 1.95, 1.92, 1.63 | -0.01, -0.02, 0.21 | -0.00, -0.02, 0.00
1.95, 1.91, 1.84 | 1.95, 1.92, 1.63 | -0.02, -0.02, 0.23 | -0.01, -0.02, 0.00
1.95, 1.90, 1.81 | 1.95, 1.91, 1.63 | -0.02, -0.02, 0.25 | -0.01, -0.02, 0.00
1.96, 1.91, 1.80 | 1.95, 1.91, 1.63 | -0.01, -0.01, 0.22 | -0.01, -0.01, 0.00
1.99, 2.00, 1.67 | 1.95, 1.93, 1.63 | 0.00, 0.00, 0.23 | -0.01, -0.00, 0.00
1.96, 1.98, 1.66 | 1.95, 1.94, 1.63 | -0.00, -0.01, 0.24 | -0.00, -0.01, 0.00
1.94, 1.97, 1.67 | 1.95, 1.94, 1.63 | -0.01, -0.01, 0.23 | -0.01, -0.01, 0.00
1.94, 1.95, 1.69 | 1.95, 1.94, 1.63 | -0.00, 0.01, 0.21 | -0.01, 0.01, 0.00
1.94, 1.95, 1.74 | 1.95, 1.95, 1.63 | 0.01, 0.01, 0.21 | -0.00, 0.01, 0.00
1.95, 1.94, 1.78 | 1.95, 1.95, 1.63 | -0.00, 0.00, 0.25 | -0.00, 0.00, 0.00
1.94, 1.93, 1.82 | 1.94, 1.94, 1.63 | -0.01, 0.00, 0.23 | -0.01, 0.00, 0.00
1.96, 1.92, 1.83 | 1.94, 1.94, 1.63 | -0.00, 0.01, 0.23 | -0.01, 0.01, 0.00
1.96, 1.91, 1.84 | 1.95, 1.93, 1.63 | 0.00, -0.00, 0.23 | -0.00, -0.00, 0.00
1.97, 1.89, 1.85 | 1.95, 1.92, 1.63 | 0.01, -0.00, 0.23 | 0.00, -0.00, 0.00
1.95, 1.91, 1.82 | 1.95, 1.92, 1.63 | 0.01, -0.01, 0.23 | 0.00, -0.01, 0.00
1.95, 1.92, 1.79 | 1.95, 1.92, 1.63 | -0.00, 0.02, 0.22 | 0.00, 0.02, 0.00
1.95, 1.91, 1.80 | 1.95, 1.91, 1.63 | -0.01, 0.02, 0.21 | -0.00, 0.02, 0.00
1.97, 1.90, 1.81 | 1.95, 1.91, 1.63 | -0.01, 0.00, 0.23 | -0.01, 0.01, 0.00
1.95, 1.88, 1.83 | 1.95, 1.90, 1.63 | -0.01, -0.00, 0.22 | -0.01, -0.00, 0.00
1.94, 1.90, 1.79 | 1.95, 1.90, 1.63 | 0.00, -0.02, 0.21 | -0.00, -0.02, 0.00
1.93, 1.90, 1.76 | 1.94, 1.90, 1.63 | -0.01, -0.00, 0.22 | -0.01, -0.00, 0.00
1.94, 1.90, 1.79 | 1.94, 1.90, 1.63 | 0.02, -0.01, 0.22 | 0.00, -0.01, 0.00
1.93, 1.89, 1.82 | 1.94, 1.90, 1.63 | -0.01, 0.00, 0.23 | -0.00, 0.00, 0.00
1.94, 1.90, 1.81 | 1.94, 1.89, 1.63 | 0.00, -0.00, 0.22 | -0.00, -0.00, 0.00
1.92, 1.91, 1.77 | 1.94, 1.90, 1.63 | 0.00, -0.01, 0.23 | 0.00, -0.01, 0.00
1.91, 1.92, 1.73 | 1.93, 1.90, 1.63 | 0.00, -0.00, 0.22 | 0.00, -0.00, 0.00
1.91, 1.92, 1.71 | 1.93, 1.90, 1.63 | -0.03, -0.00, 0.22 | -0.01, -0.00, 0.00
1.94, 1.90, 1.77 | 1.93, 1.90, 1.63 | -0.01, -0.01, 0.21 | -0.01, -0.01, 0.00
1.94, 1.90, 1.76 | 1.93, 1.90, 1.63 | -0.01, 0.00, 0.21 | -0.01, 0.00, 0.00
1.94, 1.90, 1.77 | 1.93, 1.90, 1.63 | -0.00, 0.02, 0.22 | -0.01, 0.02, 0.00
1.94, 1.89, 1.77 | 1.93, 1.90, 1.63 | 0.00, 0.01, 0.22 | -0.00, 0.01, 0.00
1.94, 1.87, 1.81 | 1.93, 1.89, 1.63 | 0.00, 0.02, 0.23 | -0.00, 0.02, 0.00
1.95, 1.88, 1.83 | 1.93, 1.89, 1.63 | -0.01, 0.00, 0.21 | -0.00, 0.00, 0.00
1.95, 1.88, 1.83 | 1.93, 1.88, 1.63 | -0.01, 0.00, 0.23 | -0.00, 0.00, 0.00
1.94, 1.89, 1.78 | 1.93, 1.88, 1.63 | 0.01, 0.01, 0.21 | 0.00, 0.01, 0.00
1.93, 1.91, 1.76 | 1.93, 1.89, 1.63 | -0.00, 0.00, 0.22 | 0.00, 0.00, 0.00
1.93, 1.91, 1.73 | 1.93, 1.89, 1.63 | -0.01, 0.00, 0.22 | -0.00, 0.00, 0.00
1.97, 1.90, 1.79 | 1.94, 1.89, 1.63 | 0.00, 0.01, 0.24 | -0.00, 0.01, 0.00
1.96, 1.92, 1.81 | 1.94, 1.90, 1.63 | 0.02, -0.00, 0.22 | 0.00, -0.00, 0.00
1.94, 1.92, 1.77 | 1.94, 1.90, 1.63 | -0.00, 0.00, 0.23 | 0.00, 0.00, 0.00
1.92, 1.91, 1.74 | 1.94, 1.90, 1.63 | -0.01, 0.00, 0.22 | -0.00, 0.00, 0.00
1.93, 1.92, 1.72 | 1.93, 1.91, 1.63 | -0.01, 0.01, 0.24 | -0.00, 0.01, 0.00
1.94, 1.91, 1.77 | 1.93, 1.91, 1.63 | -0.01, 0.05, 0.24 | -0.01, 0.05, 0.00
2.03, 2.05, 1.51 | 1.95, 1.94, 1.63 | -0.01, -0.00, 0.21 | -0.01, 0.01, 0.00
2.01, 2.02, 1.56 | 1.96, 1.96, 1.63 | -0.00, 0.04, 0.23 | -0.00, 0.03, 0.00
1.97, 2.00, 1.59 | 1.96, 1.97, 1.63 | -0.00, 0.03, 0.20 | -0.00, 0.03, 0.00
1.97, 1.98, 1.66 | 1.96, 1.97, 1.63 | 0.00, 0.00, 0.23 | -0.00, 0.01, 0.00
1.96, 1.96, 1.67 | 1.96, 1.98, 1.63 | -0.01, -0.02, 0.22 | -0.00, -0.02, 0.00
1.95, 1.94, 1.72 | 1.96, 1.97, 1.63 | -0.02, 0.01, 0.21 | -0.01, 0.01, 0.00
1.95, 1.93, 1.76 | 1.96, 1.97, 1.64 | -0.01, -0.00, 0.22 | -0.01, -0.00, 0.00
1.95, 1.93, 1.80 | 1.96, 1.96, 1.64 | 0.01, -0.02, 0.20 | -0.00, -0.02, 0.00
1.95, 1.93, 1.76 | 1.96, 1.96, 1.64 | -0.01, -0.05, 0.21 | -0.01, -0.04, 0.00
1.94, 1.92, 1.80 | 1.95, 1.95, 1.64 | 0.01, -0.02, 0.21 | -0.00, -0.03, 0.00
1.95, 1.92, 1.78 | 1.95, 1.95, 1.64 | 0.01, 0.02, 0.21 | 0.00, 0.02, 0.00
1.93, 1.92, 1.75 | 1.95, 1.94, 1.64 | -0.00, 0.00, 0.23 | 0.00, 0.00, 0.00
1.94, 1.92, 1.79 | 1.95, 1.94, 1.64 | -0.00, 0.02, 0.22 | -0.00, 0.02, 0.00
1.95, 1.91, 1.80 | 1.95, 1.93, 1.64 | -0.01, -0.09, 0.26 | -0.00, -0.07, 0.00
1.95, 1.90, 1.81 | 1.95, 1.93, 1.64 | -0.03, -0.06, 0.25 | -0.01, -0.07, 0.00
1.94, 1.91, 1.82 | 1.94, 1.92, 1.64 | 0.00, 0.06, 0.23 | -0.01, 0.04, 0.00
1.94, 1.91, 1.86 | 1.94, 1.92, 1.64 | 0.01, 0.04, 0.21 | 0.00, 0.04, 0.00
1.95, 1.91, 1.85 | 1.94, 1.91, 1.64 | 0.01, -0.01, 0.22 | 0.00, 0.00, 0.00
1.96, 1.90, 1.86 | 1.94, 1.91, 1.64 | -0.03, 0.05, 0.19 | -0.01, 0.04, 0.00
1.95, 1.91, 1.80 | 1.94, 1.91, 1.65 | -0.04, 0.01, 0.21 | -0.02, 0.02, 0.00
1.96, 1.91, 1.84 | 1.95, 1.91, 1.65 | -0.01, -0.02, 0.22 | -0.01, -0.02, 0.00
1.96, 1.92, 1.84 | 1.95, 1.91, 1.65 | 0.00, -0.02, 0.22 | -0.01, -0.02, 0.00
1.97, 1.90, 1.85 | 1.95, 1.91, 1.65 | -0.01, -0.03, 0.22 | -0.01, -0.03, 0.00
1.98, 1.88, 1.86 | 1.96, 1.90, 1.65 | -0.00, 0.01, 0.22 | -0.01, 0.00, 0.00
1.98, 1.87, 1.86 | 1.96, 1.89, 1.65 | -0.00, 0.00, 0.21 | -0.01, 0.00, 0.00
1.98, 1.88, 1.88 | 1.96, 1.89, 1.65 | -0.00, 0.02, 0.21 | -0.00, 0.01, 0.00
1.98, 1.89, 1.83 | 1.97, 1.89, 1.65 | 0.01, 0.00, 0.21 | 0.00, 0.01, 0.00
1.96, 1.91, 1.83 | 1.97, 1.89, 1.66 | 0.01, -0.00, 0.23 | 0.00, -0.00, 0.00
1.95, 1.91, 1.85 | 1.96, 1.89, 1.66 | 0.00, -0.02, 0.22 | 0.00, -0.02, 0.00
1.94, 1.92, 1.84 | 1.96, 1.90, 1.66 | -0.01, -0.01, 0.22 | -0.00, -0.01, 0.00
1.95, 1.91, 1.83 | 1.96, 1.90, 1.66 | -0.01, -0.00, 0.22 | -0.01, -0.01, 0.00
1.96, 1.91, 1.84 | 1.96, 1.90, 1.66 | 0.01, -0.00, 0.22 | 0.00, -0.00, 0.00
1.96, 1.91, 1.81 | 1.96, 1.90, 1.66 | 0.01, -0.00, 0.22 | 0.01, -0.00, 0.00
1.95, 1.89, 1.83 | 1.96, 1.90, 1.67 | -0.01, 0.01, 0.21 | -0.00, 0.01, 0.00
1.95, 1.88, 1.86 | 1.95, 1.89, 1.67 | 0.01, -0.02, 0.23 | 0.00, -0.01, 0.00
1.94, 1.89, 1.81 | 1.95, 1.89, 1.67 | -0.01, -0.01, 0.21 | -0.00, -0.01, 0.00
1.93, 1.89, 1.77 | 1.95, 1.89, 1.67 | -0.01, -0.01, 0.21 | -0.00, -0.01, 0.00
1.92, 1.90, 1.76 | 1.94, 1.89, 1.67 | 0.02, 0.03, 0.22 | 0.00, 0.03, 0.00
1.94, 1.90, 1.77 | 1.94, 1.89, 1.67 | -0.00, -0.01, 0.23 | 0.00, -0.01, 0.00
2.01, 2.00, 1.61 | 1.95, 1.91, 1.67 | 0.01, -0.01, 0.23 | 0.00, -0.01, 0.00
1.98, 1.98, 1.66 | 1.96, 1.93, 1.67 | -0.00, 0.01, 0.22 | 0.00, 0.01, 0.00
1.96, 1.98, 1.67 | 1.96, 1.94, 1.67 | -0.01, -0.00, 0.22 | -0.00, -0.00, 0.00
1.94, 1.96, 1.73 | 1.95, 1.94, 1.68 | -0.01, 0.01, 0.23 | -0.00, 0.01, 0.00
1.94, 1.95, 1.76 | 1.95, 1.95, 1.68 | 0.01, -0.01, 0.23 | 0.00, -0.01, 0.00
1.95, 1.93, 1.79 | 1.95, 1.95, 1.68 | 0.00, -0.02, 0.23 | 0.00, -0.02, 0.00
1.94, 1.91, 1.75 | 1.95, 1.94, 1.68 | -0.01, -0.02, 0.24 | -0.00, -0.02, 0.00
1.93, 1.93, 1.74 | 1.94, 1.94, 1.68 | -0.02, -0.00, 0.22 | -0.01, -0.00, 0.00
1.91, 1.93, 1.72 | 1.94, 1.94, 1.68 | -0.00, 0.01, 0.24 | -0.01, 0.01, 0.00
1.91, 1.92, 1.69 | 1.93, 1.94, 1.68 | 0.01, -0.01, 0.23 | 0.00, -0.00, 0.00
1.91, 1.92, 1.67 | 1.93, 1.93, 1.69 | 0.00, -0.01, 0.21 | 0.00, -0.01, 0.00
1.90, 1.91, 1.73 | 1.92, 1.93, 1.69 | -0.01, -0.07, 0.23 | -0.00, -0.07, 0.00
1.90, 1.92, 1.71 | 1.92, 1.93, 1.69 | -0.02, -0.02, 0.22 | -0.01, -0.03, 0.00
1.92, 1.91, 1.75 | 1.92, 1.92, 1.69 | -0.00, -0.05, 0.23 | -0.01, -0.04, 0.00
1.92, 1.91, 1.72 | 1.91, 1.92, 1.69 | 0.00, 0.00, 0.21 | -0.00, -0.00, 0.00
1.92, 1.91, 1.70 | 1.91, 1.92, 1.69 | 0.01, 0.01, 0.21 | 0.00, 0.00, 0.00
1.92, 1.92, 1.68 | 1.91, 1.91, 1.69 | -0.00, -0.00, 0.22 | -0.00, 0.00, 0.00
1.92, 1.91, 1.74 | 1.91, 1.91, 1.69 | 0.00, 0.00, 0.22 | -0.00, 0.00, 0.00
1.93, 1.91, 1.76 | 1.91, 1.91, 1.70 | -0.00, -0.00, 0.22 | -0.00, -0.00, 0.00
1.94, 1.91, 1.74 | 1.92, 1.91, 1.70 | 0.00, 0.01, 0.23 | -0.00, 0.01, 0.00
1.93, 1.90, 1.77 | 1.92, 1.91, 1.70 | -0.00, -0.01, 0.21 | -0.00, -0.00, 0.00
1.94, 1.89, 1.81 | 1.92, 1.90, 1.70 | 0.01, -0.02, 0.23 | 0.00, -0.02, 0.00
1.95, 1.89, 1.83 | 1.93, 1.90, 1.70 | 0.01, -0.01, 0.23 | 0.01, -0.01, 0.00
1.96, 1.88, 1.85 | 1.93, 1.89, 1.71 | 0.01, 0.02, 0.23 | 0.01, 0.01, 0.00
1.95, 1.88, 1.78 | 1.93, 1.89, 1.71 | -0.01, 0.01, 0.22 | 0.00, 0.01, 0.00
1.92, 1.89, 1.74 | 1.93, 1.89, 1.71 | -0.01, -0.00, 0.23 | -0.00, -0.00, 0.00
1.94, 1.90, 1.76 | 1.93, 1.89, 1.71 | -0.01, -0.01, 0.21 | -0.01, -0.01, 0.00
1.94, 1.89, 1.79 | 1.93, 1.89, 1.71 | -0.01, 0.00, 0.22 | -0.01, 0.00, 0.00
1.94, 1.90, 1.76 | 1.93, 1.89, 1.72 | -0.02, -0.00, 0.22 | -0.01, -0.00, 0.00
1.93, 1.90, 1.73 | 1.93, 1.89, 1.72 | -0.00, 0.03, 0.22 | -0.01, 0.02, 0.00
1.93, 1.90, 1.76 | 1.93, 1.89, 1.72 | 0.00, -0.01, 0.21 | -0.00, -0.01, 0.00
1.94, 1.91, 1.77 | 1.93, 1.89, 1.72 | 0.00, -0.02, 0.23 | -0.00, -0.02, 0.00
1.94, 1.90, 1.81 | 1.93, 1.89, 1.72 | 0.01, -0.01, 0.21 | 0.00, -0.01, 0.00
1.95, 1.90, 1.82 | 1.94, 1.89, 1.73 | 0.00, -0.02, 0.22 | 0.00, -0.02, 0.00
1.94, 1.90, 1.78 | 1.94, 1.89, 1.73 | -0.00, 0.01, 0.22 | 0.00, 0.00, 0.00
1.93, 1.91, 1.81 | 1.94, 1.89, 1.73 | -0.01, -0.00, 0.23 | -0.00, -0.00, 0.00
1.92, 1.90, 1.84 | 1.93, 1.89, 1.73 | 0.01, -0.02, 0.22 | 0.00, -0.01, 0.00
1.92, 1.92, 1.79 | 1.93, 1.90, 1.74 | -0.02, -0.00, 0.23 | -0.01, -0.00, 0.00
1.93, 1.90, 1.82 | 1.93, 1.90, 1.74 | 0.02, -0.02, 0.22 | 0.00, -0.02, 0.00
2.01, 2.01, 1.62 | 1.94, 1.92, 1.74 | -0.00, 0.00, 0.24 | -0.00, -0.00, 0.00
1.98, 1.97, 1.67 | 1.95, 1.93, 1.74 | 0.00, -0.01, 0.22 | 0.00, -0.01, 0.00
1.98, 1.96, 1.74 | 1.96, 1.94, 1.74 | -0.01, 0.01, 0.23 | -0.00, 0.01, 0.00
1.98, 1.94, 1.78 | 1.96, 1.94, 1.74 | 0.02, -0.00, 0.24 | 0.01, -0.00, 0.00
1.96, 1.92, 1.74 | 1.96, 1.94, 1.74 | 0.00, 0.00, 0.22 | 0.00, 0.00, 0.00
1.97, 1.92, 1.74 | 1.96, 1.93, 1.74 | -0.02, -0.00, 0.22 | -0.00, -0.00, 0.00
1.94, 1.91, 1.79 | 1.96, 1.93, 1.75 | -0.01, 0.01, 0.23 | -0.01, 0.01, 0.00
1.94, 1.90, 1.79 | 1.96, 1.92, 1.75 | 0.02, 0.01, 0.23 | 0.00, 0.01, 0.00
1.93, 1.91, 1.76 | 1.95, 1.92, 1.75 | -0.01, 0.00, 0.23 | -0.00, 0.00, 0.00
1.93, 1.92, 1.78 | 1.95, 1.92, 1.75 | -0.01, -0.00, 0.23 | -0.01, -0.00, 0.00
1.93, 1.92, 1.76 | 1.95, 1.92, 1.75 | -0.01, -0.01, 0.21 | -0.01, -0.01, 0.00
1.93, 1.92, 1.79 | 1.94, 1.92, 1.76 | -0.01, -0.01, 0.22 | -0.01, -0.01, 0.00
1.95, 1.93, 1.80 | 1.94, 1.92, 1.76 | -0.01, -0.00, 0.23 | -0.01, -0.00, 0.00
1.96, 1.91, 1.83 | 1.95, 1.92, 1.76 | -0.00, 0.01, 0.22 | -0.01, 0.00, 0.00
1.95, 1.91, 1.85 | 1.95, 1.92, 1.76 | 0.01, 0.00, 0.23 | -0.00, 0.00, 0.00
1.93, 1.91, 1.76 | 1.94, 1.92, 1.77 | -0.01, -0.00, 0.23 | -0.00, -0.00, 0.00
1.92, 1.91, 1.78 | 1.94, 1.91, 1.77 | -0.01, -0.00, 0.22 | -0.01, -0.00, 0.00
1.92, 1.92, 1.76 | 1.93, 1.91, 1.77 | -0.00, -0.02, 0.22 | -0.01, -0.01, 0.00
1.92, 1.90, 1.78 | 1.93, 1.91, 1.77 | -0.02, -0.00, 0.22 | -0.01, -0.01, 0.00
1.93, 1.91, 1.77 | 1.93, 1.91, 1.77 | -0.00, 0.02, 0.23 | -0.01, 0.02, 0.00
1.93, 1.92, 1.74 | 1.93, 1.91, 1.77 | -0.01, -0.01, 0.21 | -0.01, -0.01, 0.00
1.92, 1.90, 1.75 | 1.92, 1.91, 1.78 | -0.00, 0.01, 0.24 | -0.00, 0.01, 0.00
1.92, 1.91, 1.76 | 1.92, 1.91, 1.78 | -0.01, 0.01, 0.21 | -0.01, 0.01, 0.00
1.91, 1.92, 1.81 | 1.92, 1.91, 1.78 | -0.01, -0.00, 0.21 | -0.01, -0.00, 0.00
1.90, 1.91, 1.83 | 1.91, 1.91, 1.78 | -0.00, -0.01, 0.21 | -0.01, -0.01, 0.00
1.92, 1.89, 1.83 | 1.91, 1.91, 1.78 | 0.00, -0.02, 0.21 | -0.00, -0.01, 0.00
1.93, 1.92, 1.82 | 1.91, 1.91, 1.79 | 0.01, -0.00, 0.22 | 0.00, -0.00, 0.00
1.96, 1.91, 1.83 | 1.92, 1.91, 1.79 | -0.00, 0.00, 0.21 | 0.00, 0.00, 0.00
1.95, 1.92, 1.80 | 1.92, 1.91, 1.79 | -0.01, -0.01, 0.23 | -0.00, -0.00, 0.00
1.94, 1.91, 1.75 | 1.93, 1.91, 1.79 | -0.01, -0.00, 0.21 | -0.00, -0.00, 0.00
1.93, 1.92, 1.71 | 1.93, 1.91, 1.79 | 0.00, 0.00, 0.21 | -0.00, -0.00, 0.00
1.93, 1.92, 1.69 | 1.93, 1.91, 1.79 | 0.00, -0.01, 0.22 | -0.00, -0.01, 0.00
1.93, 1.91, 1.73 | 1.93, 1.91, 1.79 | -0.01, -0.01, 0.23 | -0.00, -0.01, 0.00
1.92, 1.91, 1.72 | 1.92, 1.91, 1.79 | 0.00, 0.00, 0.23 | -0.00, -0.00, 0.00
1.93, 1.90, 1.76 | 1.92, 1.91, 1.79 | -0.00, -0.01, 0.22 | -0.00, -0.01, 0.00
1.93, 1.91, 1.76 | 1.92, 1.91, 1.80 | -0.00, -0.00, 0.21 | -0.00, -0.00, 0.00
1.95, 1.96, 1.74 | 1.93, 1.92, 1.80 | 0.01, -0.00, 0.23 | 0.00, -0.00, 0.00
1.96, 1.94, 1.79 | 1.93, 1.92, 1.80 | 0.00, 0.01, 0.23 | 0.00, 0.01, 0.00
1.95, 1.93, 1.82 | 1.94, 1.92, 1.80 | -0.00, 0.01, 0.23 | 0.00, 0.01, 0.00
1.98, 1.92, 1.85 | 1.94, 1.92, 1.80 | 0.00, -0.01, 0.23 | 0.00, -0.00, 0.00
1.97, 1.91, 1.79 | 1.95, 1.92, 1.80 | -0.01, -0.00, 0.21 | -0.00, -0.00, 0.00
1.94, 1.92, 1.76 | 1.95, 1.92, 1.81 | -0.01, 0.00, 0.21 | -0.00, 0.00, 0.00
1.94, 1.93, 1.74 | 1.95, 1.92, 1.81 | -0.01, -0.00, 0.21 | -0.01, -0.00, 0.00
1.93, 1.92, 1.76 | 1.94, 1.92, 1.81 | -0.01, 0.00, 0.22 | -0.01, 0.00, 0.00
1.93, 1.93, 1.75 | 1.94, 1.92, 1.81 | 0.01, -0.00, 0.22 | -0.00, -0.00, 0.00
1.93, 1.92, 1.79 | 1.94, 1.92, 1.81 | 0.01, -0.01, 0.21 | 0.00, -0.01, 0.00
1.92, 1.92, 1.77 | 1.94, 1.92, 1.81 | 0.00, -0.01, 0.23 | 0.00, -0.01, 0.00
1.92, 1.90, 1.78 | 1.93, 1.92, 1.81 | -0.00, 0.00, 0.25 | 0.00, 0.00, 0.00
1.94, 1.92, 1.77 | 1.93, 1.92, 1.81 | 0.01, 0.00, 0.24 | 0.00, 0.00, 0.00
1.93, 1.92, 1.73 | 1.93, 1.92, 1.81 | -0.01, -0.00, 0.23 | -0.00, -0.00, 0.00
1.93, 1.91, 1.78 | 1.93, 1.92, 1.81 | 0.01, 0.01, 0.23 | 0.00, 0.01, 0.00
1.94, 1.89, 1.81 | 1.93, 1.91, 1.82 | -0.01, 0.01, 0.24 | -0.00, 0.01, 0.00
1.95, 1.90, 1.83 | 1.93, 1.91, 1.82 | 0.01, 0.00, 0.22 | 0.00, 0.00, 0.00
1.96, 1.90, 1.84 | 1.94, 1.91, 1.82 | 0.01, -0.00, 0.23 | 0.00, -0.00, 0.00
1.95, 1.89, 1.79 | 1.94, 1.90, 1.82 | 0.00, -0.02, 0.22 | 0.00, -0.01, 0.00
1.97, 1.90, 1.76 | 1.95, 1.90, 1.82 | -0.01, -0.00, 0.23 | -0.00, -0.01, 0.00
1.96, 1.90, 1.74 | 1.95, 1.90, 1.82 | -0.01, 0.01, 0.22 | -0.00, 0.01, 0.00
1.97, 1.91, 1.77 | 1.95, 1.90, 1.82 | -0.01, -0.01, 0.22 | -0.01, -0.01, 0.00
1.95, 1.91, 1.74 | 1.95, 1.90, 1.82 | -0.00, -0.00, 0.21 | -0.00, -0.00, 0.00
1.96, 1.94, 1.73 | 1.96, 1.91, 1.82 | -0.01, -0.01, 0.21 | -0.01, -0.01, 0.00
1.96, 1.92, 1.76 | 1.96, 1.91, 1.82 | 0.01, 0.01, 0.22 | 0.00, 0.00, 0.00
1.96, 1.92, 1.76 | 1.96, 1.91, 1.82 | -0.00, -0.00, 0.22 | -0.00, -0.00, 0.00
1.95, 1.91, 1.79 | 1.96, 1.91, 1.83 | -0.00, 0.00, 0.22 | -0.00, 0.00, 0.00
1.94, 1.91, 1.83 | 1.96, 1.91, 1.83 | 0.01, 0.00, 0.22 | 0.00, 0.00, 0.00
1.94, 1.90, 1.77 | 1.95, 1.91, 1.83 | 0.00, 0.00, 0.23 | 0.00, 0.00, 0.00
1.94, 1.91, 1.76 | 1.95, 1.91, 1.83 | -0.01, 0.00, 0.21 | -0.00, 0.00, 0.00
1.93, 1.90, 1.73 | 1.95, 1.91, 1.83 | 0.01, -0.02, 0.23 | 0.00, -0.01, 0.00
1.93, 1.89, 1.74 | 1.94, 1.90, 1.83 | -0.00, -0.00, 0.21 | 0.00, -0.01, 0.00
1.92, 1.90, 1.79 | 1.94, 1.90, 1.83 | -0.01, -0.02, 0.21 | -0.00, -0.02, 0.00
1.92, 1.90, 1.83 | 1.94, 1.90, 1.83 | -0.01, -0.01, 0.23 | -0.00, -0.01, 0.00
1.91, 1.90, 1.78 | 1.93, 1.90, 1.83 | 0.00, -0.01, 0.23 | -0.00, -0.01, 0.00
1.93, 1.90, 1.80 | 1.93, 1.90, 1.83 | -0.02, 0.00, 0.23 | -0.01, -0.00, 0.00
1.92, 1.92, 1.76 | 1.93, 1.90, 1.83 | -0.00, 0.00, 0.23 | -0.01, 0.00, 0.00
1.91, 1.92, 1.75 | 1.92, 1.90, 1.83 | 0.00, -0.01, 0.23 | -0.00, -0.01, 0.00
1.92, 1.92, 1.79 | 1.92, 1.91, 1.83 | -0.00, 0.01, 0.23 | -0.00, 0.00, 0.00
1.93, 1.91, 1.79 | 1.92, 1.91, 1.84 | -0.00, -0.00, 0.23 | -0.00, -0.00, 0.00
1.93, 1.90, 1.83 | 1.92, 1.90, 1.84 | -0.01, -0.01, 0.21 | -0.00, -0.00, 0.00
1.94, 1.92, 1.79 | 1.92, 1.91, 1.84 | -0.00, 0.00, 0.22 | -0.00, -0.00, 0.00
2.00, 2.01, 1.63 | 1.94, 1.93, 1.84 | 0.00, 0.00, 0.23 | -0.00, 0.00, 0.00
1.98, 1.98, 1.64 | 1.94, 1.94, 1.83 | 0.00, -0.02, 0.22 | 0.00, -0.02, 0.00
1.96, 1.97, 1.64 | 1.95, 1.94, 1.83 | 0.00, 0.00, 0.22 | 0.00, 0.00, 0.00
1.95, 1.95, 1.66 | 1.95, 1.95, 1.83 | 0.01, -0.00, 0.22 | 0.00, -0.00, 0.00
1.96, 1.94, 1.74 | 1.95, 1.95, 1.83 | 0.02, -0.00, 0.22 | 0.01, -0.00, 0.00
1.95, 1.92, 1.78 | 1.95, 1.94, 1.83 | -0.00, 0.01, 0.21 | 0.00, 0.01, 0.00
1.93, 1.91, 1.79 | 1.95, 1.94, 1.83 | 0.01, 0.00, 0.23 | 0.01, 0.00, 0.00
1.94, 1.92, 1.80 | 1.95, 1.93, 1.83 | 0.01, -0.01, 0.21 | 0.01, -0.01, 0.00
1.95, 1.91, 1.79 | 1.95, 1.93, 1.83 | -0.00, -0.01, 0.22 | 0.00, -0.01, 0.00
1.95, 1.92, 1.78 | 1.95, 1.93, 1.84 | -0.01, 0.01, 0.22 | -0.00, 0.00, 0.00
1.97, 1.91, 1.80 | 1.95, 1.93, 1.84 | 0.00, -0.01, 0.22 | -0.00, -0.01, 0.00
1.97, 1.91, 1.81 | 1.95, 1.92, 1.84 | -0.01, -0.01, 0.23 | -0.00, -0.01, 0.00
1.95, 1.90, 1.83 | 1.95, 1.92, 1.84 | -0.01, 0.01, 0.21 | -0.01, 0.01, 0.00
1.96, 1.92, 1.84 | 1.96, 1.92, 1.84 | -0.01, -0.00, 0.21 | -0.01, 0.00, 0.00
1.97, 1.92, 1.80 | 1.96, 1.92, 1.84 | 0.00, 0.00, 0.21 | -0.00, 0.00, 0.00
1.97, 1.91, 1.82 | 1.96, 1.92, 1.84 | -0.00, 0.01, 0.22 | -0.00, 0.01, 0.00
1.94, 1.91, 1.84 | 1.96, 1.91, 1.84 | 0.01, -0.01, 0.23 | 0.00, -0.00, 0.00
1.94, 1.90, 1.85 | 1.96, 1.91, 1.85 | -0.01, 0.00, 0.21 | -0.00, -0.00, 0.00
1.95, 1.91, 1.81 | 1.95, 1.91, 1.85 | -0.01, 0.00, 0.21 | -0.01, 0.00, 0.00
1.94, 1.91, 1.77 | 1.95, 1.91, 1.85 | -0.01, -0.00, 0.22 | -0.01, 0.00, 0.00
1.93, 1.90, 1.79 | 1.95, 1.91, 1.85 | -0.00, 0.00, 0.22 | -0.01, 0.00, 0.00
1.93, 1.90, 1.76 | 1.94, 1.91, 1.85 | 0.01, -0.01, 0.21 | 0.00, -0.01, 0.00
1.92, 1.89, 1.79 | 1.94, 1.90, 1.85 | 0.01, 0.01, 0.21 | 0.00, 0.01, 0.00
1.93, 1.89, 1.81 | 1.94, 1.90, 1.85 | -0.01, -0.01, 0.23 | -0.00, -0.00, 0.00
1.92, 1.89, 1.76 | 1.93, 1.90, 1.85 | -0.01, -0.01, 0.22 | -0.00, -0.01, 0.00
1.91, 1.90, 1.72 | 1.93, 1.89, 1.85 | 0.00, -0.01, 0.22 | -0.00, -0.01, 0.00
1.92, 1.89, 1.77 | 1.92, 1.89, 1.85 | 0.01, 0.01, 0.22 | 0.01, 0.01, 0.00
1.92, 1.89, 1.73 | 1.92, 1.89, 1.85 | -0.02, 0.01, 0.22 | -0.01, 0.01, 0.00
1.91, 1.89, 1.72 | 1.92, 1.89, 1.85 | -0.01, -0.00, 0.21 | -0.01, -0.00, 0.00
1.93, 1.88, 1.77 | 1.92, 1.89, 1.85 | -0.00, -0.00, 0.24 | -0.01, -0.00, 0.00
1.92, 1.89, 1.74 | 1.92, 1.89, 1.85 | 0.00, -0.00, 0.21 | -0.00, -0.00, 0.00
1.93, 1.89, 1.79 | 1.92, 1.88, 1.85 | -0.02, -0.00, 0.24 | -0.01, -0.00, 0.00
1.91, 1.89, 1.75 | 1.92, 1.88, 1.85 | -0.01, -0.01, 0.23 | -0.01, -0.01, 0.00
1.92, 1.89, 1.79 | 1.91, 1.88, 1.85 | 0.00, -0.01, 0.22 | -0.00, -0.01, 0.00
1.91, 1.90, 1.74 | 1.91, 1.88, 1.85 | -0.00, 0.02, 0.22 | -0.00, 0.02, 0.00
1.90, 1.91, 1.73 | 1.91, 1.89, 1.85 | 0.00, 0.01, 0.21 | -0.00, 0.02, 0.00
1.92, 1.91, 1.73 | 1.91, 1.89, 1.85 | -0.00, -0.02, 0.22 | -0.00, -0.01, 0.00
1.93, 1.92, 1.72 | 1.91, 1.89, 1.85 | -0.00, -0.02, 0.23 | -0.00, -0.02, 0.00
1.94, 1.92, 1.72 | 1.91, 1.90, 1.85 | 0.00, -0.01, 0.23 | -0.00, -0.01, 0.00
2.03, 2.07, 1.47 | 1.93, 1.93, 1.84 | 0.00, -0.02, 0.22 | -0.00, -0.02, 0.00
2.00, 2.03, 1.54 | 1.94, 1.95, 1.84 | -0.01, -0.02, 0.22 | -0.00, -0.02, 0.00
1.99, 2.01, 1.62 | 1.95, 1.96, 1.84 | -0.01, 0.00, 0.23 | -0.00, 0.00, 0.00
1.96, 1.97, 1.61 | 1.95, 1.97, 1.84 | 0.02, 0.01, 0.22 | 0.00, 0.00, 0.00
1.95, 1.97, 1.67 | 1.95, 1.97, 1.83 | 0.00, 0.00, 0.22 | 0.00, 0.00, 0.00
1.94, 1.95, 1.71 | 1.95, 1.97, 1.83 | -0.00, 0.00, 0.21 | 0.00, 0.00, 0.00
1.94, 1.95, 1.69 | 1.95, 1.97, 1.83 | 0.00, -0.00, 0.22 | 0.00, -0.00, 0.00
1.93, 1.95, 1.68 | 1.95, 1.97, 1.83 | 0.01, -0.01, 0.24 | 0.00, -0.01, 0.00
1.95, 1.94, 1.70 | 1.95, 1.96, 1.83 | -0.01, -0.01, 0.21 | -0.00, -0.01, 0.00
1.94, 1.95, 1.70 | 1.95, 1.96, 1.83 | -0.00, 0.00, 0.22 | -0.00, -0.00, 0.00
1.94, 1.93, 1.74 | 1.95, 1.96, 1.83 | -0.00, -0.01, 0.22 | -0.00, -0.01, 0.00
1.93, 1.92, 1.71 | 1.94, 1.95, 1.83 | -0.01, 0.01, 0.22 | -0.01, 0.01, 0.00
1.94, 1.91, 1.78 | 1.94, 1.94, 1.83 | -0.01, -0.02, 0.21 | -0.01, -0.01, 0.00
1.94, 1.90, 1.78 | 1.94, 1.94, 1.83 | 0.01, -0.00, 0.23 | -0.00, -0.00, 0.00
1.95, 1.91, 1.77 | 1.94, 1.93, 1.83 | -0.00, 0.01, 0.23 | -0.00, 0.01, 0.00
1.95, 1.91, 1.80 | 1.95, 1.93, 1.83 | 0.00, 0.01, 0.23 | 0.00, 0.01, 0.00
1.94, 1.91, 1.81 | 1.94, 1.92, 1.83 | 0.00, -0.02, 0.23 | 0.00, -0.02, 0.00
1.94, 1.91, 1.76 | 1.94, 1.92, 1.83 | -0.01, -0.01, 0.21 | -0.00, -0.01, 0.00
1.94, 1.91, 1.74 | 1.94, 1.91, 1.83 | 0.00, 0.00, 0.22 | 0.00, 0.00, 0.00
1.94, 1.91, 1.77 | 1.94, 1.91, 1.83 | -0.02, 0.12, 0.24 | -0.01, 0.10, 0.00
1.93, 1.92, 1.81 | 1.94, 1.91, 1.83 | -0.03, -0.03, 0.24 | -0.01, -0.01, 0.00
1.93, 1.92, 1.79 | 1.94, 1.91, 1.83 | -0.01, -0.04, 0.23 | -0.01, -0.04, 0.00
1.92, 1.91, 1.83 | 1.93, 1.91, 1.84 | -0.00, 0.00, 0.23 | -0.01, -0.00, 0.00
1.92, 1.91, 1.78 | 1.93, 1.91, 1.84 | -0.00, 0.04, 0.22 | -0.01, 0.03, 0.00
1.94, 1.90, 1.82 | 1.93, 1.91, 1.84 | -0.00, -0.04, 0.24 | -0.00, -0.03, 0.00
1.96, 1.89, 1.85 | 1.93, 1.90, 1.84 | -0.01, -0.03, 0.21 | -0.01, -0.03, 0.00
1.94, 1.89, 1.86 | 1.93, 1.90, 1.84 | -0.01, -0.02, 0.21 | -0.01, -0.02, 0.00
1.92, 1.90, 1.81 | 1.93, 1.90, 1.84 | -0.01, -0.03, 0.21 | -0.01, -0.03, 0.00
1.92, 1.90, 1.76 | 1.93, 1.90, 1.84 | 0.00, -0.01, 0.22 | -0.00, -0.01, 0.00
1.93, 1.90, 1.80 | 1.93, 1.90, 1.84 | -0.01, -0.01, 0.21 | -0.01, -0.01, 0.00
