1.05, 2.07, 1.65 | 1.01, 2.03, 1.32 | -0.17, -0.74, 0.08 | -0.15, -0.73, 0.00
1.07, 2.10, 1.71 | 1.03, 2.05, 1.32 | 0.14, -0.65, 0.22 | 0.07, -0.65, 0.00
1.10, 2.11, 1.69 | 1.05, 2.06, 1.32 | 0.08, -0.43, 0.19 | 0.08, -0.44, 0.00
1.04, 2.06, 1.64 | 1.05, 2.04, 1.32 | 0.07, -0.35, 0.19 | 0.07, -0.36, 0.00
1.04, 2.07, 1.62 | 1.05, 2.03, 1.32 | 0.05, -0.24, 0.23 | 0.06, -0.25, 0.00
1.08, 2.10, 1.69 | 1.05, 2.03, 1.32 | 0.04, -0.21, 0.24 | 0.05, -0.22, 0.00
1.08, 2.09, 1.67 | 1.06, 2.03, 1.32 | 0.03, -0.15, 0.22 | 0.04, -0.16, 0.00
1.13, 2.12, 1.72 | 1.08, 2.03, 1.32 | 0.06, -0.13, 0.21 | 0.05, -0.14, 0.00
1.08, 2.08, 1.64 | 1.08, 2.02, 1.32 | 0.04, -0.11, 0.24 | 0.05, -0.11, 0.00
1.05, 2.04, 1.60 | 1.08, 2.01, 1.32 | 0.04, -0.12, 0.22 | 0.04, -0.12, 0.00
1.03, 2.01, 1.52 | 1.07, 1.99, 1.32 | 0.02, -0.07, 0.24 | 0.03, -0.08, 0.00
1.07, 2.06, 1.60 | 1.08, 1.99, 1.32 | 0.02, -0.07, 0.21 | 0.03, -0.07, 0.00
1.09, 2.10, 1.67 | 1.08, 2.00, 1.32 | 0.02, -0.08, 0.23 | 0.03, -0.08, 0.00
1.05, 2.05, 1.59 | 1.08, 2.00, 1.32 | 0.00, -0.05, 0.24 | 0.02, -0.05, 0.00
1.05, 2.05, 1.58 | 1.08, 1.99, 1.32 | -0.00, -0.05, 0.22 | 0.01, -0.05, 0.00
1.06, 2.06, 1.58 | 1.08, 1.99, 1.32 | 0.00, -0.05, 0.23 | 0.01, -0.05, 0.00
1.01, 1.99, 1.54 | 1.06, 1.98, 1.32 | 0.03, -0.04, 0.23 | 0.02, -0.04, 0.00
1.01, 2.02, 1.56 | 1.06, 1.98, 1.32 | 0.01, -0.03, 0.24 | 0.01, -0.03, 0.00
0.98, 1.99, 1.54 | 1.04, 1.97, 1.32 | 0.01, -0.05, 0.23 | 0.01, -0.05, 0.00
1.00, 2.00, 1.53 | 1.03, 1.96, 1.32 | 0.01, -0.02, 0.22 | 0.01, -0.03, 0.00
1.05, 2.04, 1.62 | 1.04, 1.97, 1.32 | -0.00, -0.04, 0.24 | 0.01, -0.04, 0.00
1.09, 2.08, 1.68 | 1.05, 1.98, 1.32 | -0.00, -0.02, 0.23 | 0.00, -0.02, 0.00
1.03, 2.03, 1.62 | 1.04, 1.98, 1.32 | -0.00, -0.02, 0.24 | 0.00, -0.02, 0.00
0.99, 1.96, 1.58 | 1.03, 1.96, 1.32 | -0.02, -0.01, 0.21 | -0.01, -0.01, 0.00
0.96, 1.95, 1.56 | 1.02, 1.95, 1.32 | 0.00, -0.02, 0.25 | -0.00, -0.02, 0.00
0.98, 1.99, 1.58 | 1.01, 1.95, 1.32 | 0.01, -0.01, 0.22 | 0.00, -0.01, 0.00
0.99, 1.99, 1.55 | 1.01, 1.95, 1.32 | 0.00, -0.01, 0.26 | 0.00, -0.01, 0.00
0.96, 1.95, 1.54 | 1.00, 1.94, 1.32 | 0.01, -0.03, 0.24 | 0.01, -0.02, 0.00
0.95, 1.98, 1.55 | 0.99, 1.94, 1.32 | -0.01, -0.02, 0.19 | 0.00, -0.02, 0.00
0.99, 2.01, 1.60 | 0.98, 1.94, 1.32 | -0.00, -0.01, 0.22 | -0.00, -0.01, 0.00
1.02, 2.04, 1.66 | 0.99, 1.95, 1.32 | 0.00, -0.02, 0.21 | -0.00, -0.02, 0.00
1.00, 2.02, 1.58 | 0.99, 1.96, 1.32 | 0.00, 0.00, 0.23 | 0.00, 0.00, 0.00
1.04, 2.06, 1.65 | 1.00, 1.97, 1.32 | 0.00, -0.03, 0.26 | 0.00, -0.02, 0.00
0.98, 2.00, 1.59 | 0.99, 1.97, 1.32 | 0.01, -0.02, 0.23 | 0.01, -0.02, 0.00
0.97, 2.01, 1.57 | 0.99, 1.98, 1.32 | 0.01, -0.02, 0.24 | 0.01, -0.02, 0.00
0.94, 1.98, 1.55 | 0.98, 1.97, 1.32 | 0.01, 0.01, 0.23 | 0.01, 0.00, 0.00
0.93, 1.96, 1.51 | 0.97, 1.97, 1.32 | -0.00, -0.02, 0.25 | 0.01, -0.02, 0.00
0.93, 1.98, 1.45 | 0.96, 1.96, 1.32 | 0.03, -0.01, 0.23 | 0.01, -0.01, 0.00
0.91, 1.93, 1.46 | 0.95, 1.95, 1.32 | 0.01, -0.01, 0.21 | 0.01, -0.01, 0.00
0.94, 1.97, 1.51 | 0.94, 1.95, 1.32 | 0.01, -0.01, 0.24 | 0.01, -0.01, 0.00
0.95, 1.97, 1.46 | 0.94, 1.95, 1.32 | 0.00, -0.01, 0.25 | 0.01, -0.01, 0.00
1.01, 2.02, 1.56 | 0.95, 1.96, 1.32 | -0.00, -0.01, 0.22 | 0.00, -0.01, 0.00
0.99, 1.99, 1.52 | 0.96, 1.96, 1.32 | 0.01, -0.01, 0.23 | 0.01, -0.01, 0.00
0.96, 1.95, 1.49 | 0.95, 1.95, 1.32 | 0.01, -0.00, 0.24 | 0.01, -0.00, 0.00
1.02, 2.01, 1.58 | 0.96, 1.96, 1.32 | -0.00, -0.02, 0.24 | 0.00, -0.01, 0.00
1.06, 2.06, 1.66 | 0.98, 1.98, 1.32 | -0.02, -0.03, 0.22 | -0.00, -0.03, 0.00
1.04, 2.04, 1.55 | 0.99, 1.99, 1.32 | 0.00, -0.01, 0.23 | -0.00, -0.01, 0.00
1.01, 2.02, 1.52 | 0.99, 1.99, 1.32 | 0.00, -0.00, 0.23 | 0.00, -0.00, 0.00
0.97, 1.97, 1.50 | 0.99, 1.99, 1.32 | -0.00, -0.00, 0.25 | -0.00, -0.00, 0.00
0.99, 1.99, 1.49 | 0.99, 1.99, 1.32 | 0.00, -0.02, 0.23 | 0.00, -0.02, 0.00
0.98, 2.00, 1.42 | 0.99, 1.99, 1.32 | -0.00, 0.00, 0.23 | -0.00, 0.00, 0.00
1.03, 2.05, 1.53 | 1.00, 2.00, 1.32 | 0.00, 0.01, 0.25 | 0.00, 0.01, 0.00
0.99, 2.01, 1.49 | 1.00, 2.00, 1.32 | -0.00, 0.00, 0.22 | 0.00, 0.00, 0.00
0.97, 1.99, 1.49 | 0.99, 2.00, 1.32 | -0.00, -0.01, 0.23 | -0.00, -0.00, 0.00
0.95, 1.97, 1.47 | 0.99, 1.99, 1.32 | -0.00, 0.00, 0.24 | -0.00, 0.00, 0.00
0.96, 1.98, 1.47 | 0.98, 1.99, 1.32 | -0.01, -0.01, 0.21 | -0.01, -0.01, 0.00
1.02, 2.03, 1.57 | 0.99, 1.99, 1.32 | 0.01, -0.01, 0.26 | -0.00, -0.01, 0.00
1.01, 2.02, 1.50 | 0.99, 2.00, 1.32 | 0.00, -0.00, 0.23 | 0.00, -0.00, 0.00
0.98, 1.99, 1.49 | 0.99, 1.99, 1.32 | 0.01, -0.00, 0.22 | 0.00, -0.00, 0.00
0.98, 1.99, 1.44 | 0.99, 1.99, 1.32 | 0.01, -0.02, 0.21 | 0.00, -0.02, 0.00
1.04, 2.03, 1.54 | 1.00, 2.00, 1.32 | -0.01, -0.01, 0.23 | -0.00, -0.01, 0.00
1.05, 2.04, 1.57 | 1.01, 2.01, 1.32 | -0.00, -0.00, 0.25 | -0.00, -0.00, 0.00
1.03, 2.02, 1.48 | 1.01, 2.01, 1.32 | 0.00, 0.01, 0.22 | -0.00, 0.01, 0.00
1.07, 2.07, 1.58 | 1.02, 2.02, 1.32 | 0.01, -0.01, 0.26 | 0.00, -0.00, 0.00
1.06, 2.07, 1.59 | 1.03, 2.03, 1.32 | -0.00, 0.01, 0.23 | 0.00, 0.01, 0.00
1.05, 2.04, 1.56 | 1.04, 2.03, 1.32 | -0.00, -0.01, 0.25 | 0.00, -0.01, 0.00
1.03, 2.03, 1.53 | 1.04, 2.03, 1.32 | -0.00, -0.01, 0.22 | -0.00, -0.01, 0.00
1.04, 2.03, 1.54 | 1.04, 2.03, 1.33 | -0.01, -0.00, 0.26 | -0.01, -0.00, 0.00
1.01, 2.01, 1.47 | 1.03, 2.03, 1.33 | -0.00, -0.01, 0.24 | -0.01, -0.01, 0.00
1.02, 2.02, 1.50 | 1.03, 2.03, 1.33 | 0.00, 0.00, 0.23 | -0.00, -0.00, 0.00
1.00, 2.01, 1.44 | 1.03, 2.03, 1.33 | 0.00, -0.02, 0.21 | 0.00, -0.01, 0.00
0.99, 1.99, 1.40 | 1.02, 2.02, 1.33 | -0.00, 0.01, 0.23 | -0.00, 0.00, 0.00
0.96, 1.97, 1.42 | 1.01, 2.01, 1.33 | -0.01, 0.02, 0.25 | -0.00, 0.02, 0.00
0.99, 1.99, 1.47 | 1.01, 2.00, 1.33 | 0.01, 0.00, 0.21 | 0.00, 0.00, 0.00
0.98, 2.00, 1.47 | 1.01, 2.00, 1.33 | 0.00, -0.01, 0.25 | 0.00, -0.01, 0.00
0.98, 1.98, 1.43 | 1.00, 2.00, 1.33 | 0.01, -0.01, 0.25 | 0.00, -0.01, 0.00
0.96, 1.99, 1.38 | 0.99, 1.99, 1.33 | -0.00, 0.01, 0.22 | 0.00, 0.00, 0.00
0.98, 1.98, 1.38 | 0.99, 1.99, 1.33 | 0.00, -0.01, 0.24 | 0.00, -0.01, 0.00
1.05, 2.02, 1.51 | 1.00, 1.99, 1.33 | 0.01, -0.00, 0.22 | 0.00, -0.00, 0.00
1.02, 2.01, 1.42 | 1.00, 2.00, 1.33 | 0.00, 0.01, 0.21 | 0.00, 0.00, 0.00
1.03, 2.01, 1.46 | 1.01, 2.00, 1.33 | -0.01, -0.01, 0.24 | -0.00, -0.01, 0.00
1.02, 2.01, 1.46 | 1.01, 2.00, 1.33 | -0.00, -0.01, 0.24 | -0.00, -0.01, 0.00
1.01, 2.00, 1.41 | 1.01, 2.00, 1.33 | -0.01, -0.01, 0.23 | -0.00, -0.01, 0.00
1.07, 2.04, 1.53 | 1.02, 2.01, 1.33 | 0.01, -0.00, 0.22 | 0.00, -0.01, 0.00
1.07, 2.07, 1.59 | 1.03, 2.02, 1.33 | -0.01, -0.01, 0.23 | -0.00, -0.01, 0.00
1.11, 2.09, 1.66 | 1.05, 2.03, 1.33 | 0.00, -0.01, 0.23 | -0.00, -0.01, 0.00
1.05, 2.05, 1.61 | 1.05, 2.04, 1.34 | -0.01, 0.01, 0.23 | -0.00, 0.01, 0.00
1.09, 2.08, 1.67 | 1.06, 2.05, 1.34 | -0.01, 0.01, 0.24 | -0.01, 0.01, 0.00
1.04, 2.03, 1.62 | 1.06, 2.05, 1.34 | 0.01, -0.01, 0.24 | 0.00, -0.01, 0.00
1.00, 2.00, 1.58 | 1.05, 2.04, 1.34 | -0.01, -0.01, 0.25 | -0.00, -0.01, 0.00
1.02, 2.02, 1.60 | 1.04, 2.03, 1.34 | 0.02, -0.01, 0.21 | 0.00, -0.01, 0.00
1.08, 2.06, 1.67 | 1.05, 2.04, 1.34 | -0.01, -0.01, 0.25 | -0.00, -0.01, 0.00
1.01, 2.00, 1.62 | 1.05, 2.03, 1.34 | 0.00, -0.01, 0.24 | -0.00, -0.01, 0.00
0.97, 1.96, 1.59 | 1.03, 2.02, 1.34 | -0.01, 0.00, 0.21 | -0.00, -0.00, 0.00
0.99, 1.99, 1.58 | 1.03, 2.01, 1.35 | -0.00, 0.00, 0.23 | -0.00, 0.00, 0.00
1.04, 2.05, 1.65 | 1.03, 2.02, 1.35 | 0.00, -0.01, 0.24 | -0.00, -0.01, 0.00
1.04, 2.03, 1.62 | 1.03, 2.02, 1.35 | 0.00, 0.01, 0.25 | -0.00, 0.01, 0.00
1.00, 1.98, 1.53 | 1.02, 2.01, 1.35 | -0.00, -0.00, 0.22 | -0.00, -0.00, 0.00
1.06, 2.03, 1.61 | 1.03, 2.01, 1.35 | -0.00, 0.01, 0.23 | -0.00, 0.01, 0.00
1.01, 1.99, 1.57 | 1.03, 2.01, 1.35 | 0.01, 0.01, 0.23 | 0.00, 0.01, 0.00
1.02, 2.00, 1.55 | 1.02, 2.01, 1.36 | -0.00, -0.01, 0.21 | 0.00, -0.01, 0.00
0.97, 1.95, 1.53 | 1.01, 1.99, 1.36 | 0.00, -0.00, 0.23 | 0.00, -0.00, 0.00
0.97, 1.95, 1.45 | 1.01, 1.98, 1.36 | 0.01, -0.01, 0.20 | 0.00, -0.01, 0.00
0.98, 1.96, 1.46 | 1.00, 1.98, 1.36 | -0.01, -0.01, 0.24 | -0.00, -0.01, 0.00
0.98, 2.00, 1.49 | 1.00, 1.98, 1.36 | -0.01, -0.02, 0.21 | -0.00, -0.01, 0.00
1.03, 2.05, 1.58 | 1.00, 1.99, 1.36 | 0.01, -0.00, 0.24 | -0.00, -0.00, 0.00
1.04, 2.06, 1.60 | 1.01, 2.00, 1.37 | -0.00, -0.00, 0.23 | -0.00, -0.00, 0.00
1.04, 2.06, 1.57 | 1.01, 2.01, 1.37 | 0.01, -0.01, 0.25 | 0.00, -0.01, 0.00
1.04, 2.05, 1.57 | 1.02, 2.02, 1.37 | -0.00, -0.01, 0.24 | 0.00, -0.01, 0.00
1.02, 2.03, 1.51 | 1.02, 2.02, 1.37 | -0.00, -0.00, 0.26 | -0.00, -0.00, 0.00
1.06, 2.07, 1.59 | 1.02, 2.03, 1.37 | -0.00, 0.01, 0.23 | -0.00, 0.01, 0.00
1.01, 2.03, 1.56 | 1.02, 2.03, 1.38 | 0.00, -0.00, 0.23 | -0.00, -0.00, 0.00
0.98, 2.01, 1.48 | 1.01, 2.03, 1.38 | -0.00, -0.00, 0.25 | -0.00, -0.00, 0.00
1.05, 2.05, 1.59 | 1.02, 2.03, 1.38 | 0.01, -0.01, 0.28 | 0.00, -0.01, 0.00
1.02, 2.03, 1.50 | 1.02, 2.03, 1.38 | -0.01, -0.02, 0.24 | -0.00, -0.02, 0.00
1.01, 2.02, 1.50 | 1.02, 2.03, 1.38 | -0.01, -0.01, 0.25 | -0.00, -0.01, 0.00
0.97, 1.98, 1.47 | 1.01, 2.02, 1.39 | 0.00, -0.02, 0.26 | -0.00, -0.01, 0.00
0.97, 2.00, 1.49 | 1.00, 2.01, 1.39 | 0.00, 0.00, 0.24 | 0.00, 0.00, 0.00
0.97, 1.99, 1.42 | 1.00, 2.01, 1.39 | 0.01, -0.01, 0.22 | 0.00, -0.01, 0.00
1.00, 2.00, 1.44 | 1.00, 2.00, 1.39 | 0.01, 0.00, 0.24 | 0.01, -0.00, 0.00
1.01, 2.00, 1.47 | 1.00, 2.00, 1.39 | 0.01, -0.00, 0.24 | 0.01, -0.00, 0.00
1.06, 2.04, 1.57 | 1.01, 2.01, 1.40 | 0.02, -0.00, 0.23 | 0.01, -0.00, 0.00
1.05, 2.02, 1.54 | 1.01, 2.01, 1.40 | -0.00, -0.01, 0.22 | 0.01, -0.01, 0.00
1.04, 2.02, 1.53 | 1.02, 2.01, 1.40 | -0.00, -0.01, 0.26 | 0.00, -0.01, 0.00
1.03, 2.03, 1.55 | 1.02, 2.02, 1.40 | 0.00, 0.01, 0.25 | 0.00, 0.01, 0.00
1.00, 2.02, 1.50 | 1.02, 2.02, 1.40 | -0.01, -0.00, 0.25 | -0.00, -0.00, 0.00
0.98, 1.99, 1.48 | 1.01, 2.01, 1.41 | 0.00, 0.01, 0.23 | 0.00, 0.01, 0.00
0.95, 1.97, 1.48 | 1.00, 2.00, 1.41 | -0.00, 0.00, 0.23 | 0.00, 0.00, 0.00
0.97, 1.98, 1.50 | 1.00, 2.00, 1.41 | 0.01, 0.01, 0.23 | 0.00, 0.01, 0.00
0.95, 1.95, 1.50 | 0.99, 1.99, 1.41 | 0.01, -0.00, 0.22 | 0.00, 0.00, 0.00
0.98, 1.97, 1.53 | 0.98, 1.98, 1.42 | 0.00, 0.01, 0.25 | 0.00, 0.01, 0.00
1.00, 1.99, 1.56 | 0.99, 1.98, 1.42 | 0.00, -0.00, 0.22 | 0.00, -0.00, 0.00
1.00, 2.00, 1.55 | 0.99, 1.98, 1.42 | -0.00, -0.01, 0.24 | 0.00, -0.01, 0.00
0.97, 1.98, 1.53 | 0.98, 1.98, 1.42 | -0.01, -0.00, 0.23 | -0.00, -0.00, 0.00
1.00, 2.00, 1.56 | 0.99, 1.98, 1.43 | -0.00, 0.02, 0.22 | -0.00, 0.02, 0.00
1.00, 1.99, 1.50 | 0.99, 1.98, 1.43 | 0.01, -0.00, 0.24 | -0.00, -0.00, 0.00
1.01, 2.00, 1.53 | 0.99, 1.99, 1.43 | 0.00, 0.00, 0.23 | 0.00, 0.00, 0.00
0.98, 1.96, 1.46 | 0.99, 1.98, 1.44 | 0.01, 0.01, 0.24 | 0.00, 0.01, 0.00
0.99, 1.98, 1.47 | 0.99, 1.98, 1.44 | 0.00, 0.01, 0.21 | 0.00, 0.01, 0.00
0.98, 1.99, 1.46 | 0.99, 1.98, 1.44 | 0.00, 0.01, 0.25 | 0.00, 0.01, 0.00
0.94, 1.95, 1.46 | 0.98, 1.97, 1.44 | -0.00, 0.01, 0.26 | 0.00, 0.01, 0.00
0.91, 1.93, 1.43 | 0.96, 1.96, 1.44 | -0.01, 0.01, 0.22 | -0.00, 0.01, 0.00
0.94, 1.96, 1.46 | 0.96, 1.96, 1.44 | 0.00, 0.01, 0.23 | -0.00, 0.01, 0.00
0.95, 1.98, 1.46 | 0.95, 1.96, 1.45 | 0.00, -0.01, 0.23 | 0.00, -0.01, 0.00
0.97, 1.98, 1.41 | 0.96, 1.96, 1.45 | 0.00, -0.00, 0.22 | 0.00, -0.00, 0.00
0.94, 1.99, 1.46 | 0.95, 1.97, 1.45 | -0.00, 0.01, 0.22 | -0.00, 0.01, 0.00
1.01, 2.04, 1.56 | 0.96, 1.98, 1.45 | 0.00, 0.00, 0.24 | -0.00, 0.00, 0.00
1.01, 2.04, 1.56 | 0.97, 1.99, 1.46 | 0.00, -0.00, 0.24 | 0.00, -0.00, 0.00
0.99, 2.01, 1.49 | 0.97, 2.00, 1.46 | 0.00, -0.01, 0.25 | 0.00, -0.01, 0.00
0.96, 1.97, 1.47 | 0.97, 1.99, 1.46 | 0.01, 0.00, 0.25 | 0.01, -0.00, 0.00
0.96, 1.97, 1.39 | 0.97, 1.99, 1.46 | -0.00, -0.01, 0.25 | 0.00, -0.01, 0.00
1.03, 2.03, 1.51 | 0.98, 2.00, 1.46 | 0.00, -0.00, 0.22 | 0.00, -0.00, 0.00
0.97, 1.99, 1.50 | 0.98, 2.00, 1.47 | 0.01, -0.01, 0.23 | 0.01, -0.00, 0.00
0.99, 2.01, 1.52 | 0.98, 2.00, 1.47 | -0.00, -0.00, 0.25 | 0.00, -0.00, 0.00
1.02, 2.03, 1.59 | 0.98, 2.01, 1.47 | -0.00, -0.02, 0.22 | 0.00, -0.02, 0.00
1.02, 2.01, 1.50 | 0.99, 2.01, 1.48 | 0.02, -0.00, 0.23 | 0.01, -0.01, 0.00
1.00, 2.00, 1.46 | 1.00, 2.01, 1.48 | -0.00, -0.02, 0.23 | 0.00, -0.02, 0.00
1.02, 2.01, 1.49 | 1.00, 2.01, 1.48 | 0.01, -0.00, 0.23 | 0.00, -0.00, 0.00
1.02, 2.01, 1.50 | 1.00, 2.01, 1.48 | 0.00, -0.01, 0.24 | 0.00, -0.01, 0.00
0.96, 1.97, 1.49 | 1.00, 2.00, 1.48 | -0.02, -0.00, 0.21 | -0.00, -0.00, 0.00
0.97, 1.98, 1.41 | 0.99, 2.00, 1.48 | 0.03, 0.00, 0.25 | 0.01, 0.00, 0.00
0.97, 1.96, 1.39 | 0.99, 1.99, 1.48 | 0.02, -0.02, 0.25 | 0.01, -0.02, 0.00
0.94, 1.94, 1.41 | 0.98, 1.98, 1.49 | 0.00, -0.00, 0.24 | 0.01, -0.01, 0.00
0.98, 1.96, 1.44 | 0.98, 1.97, 1.49 | 0.01, -0.00, 0.23 | 0.01, -0.00, 0.00
0.98, 1.97, 1.37 | 0.98, 1.97, 1.49 | 0.00, 0.01, 0.21 | 0.01, 0.01, 0.00
1.01, 2.01, 1.48 | 0.99, 1.98, 1.49 | 0.00, 0.01, 0.21 | 0.00, 0.01, 0.00
0.97, 1.95, 1.46 | 0.98, 1.97, 1.49 | 0.02, -0.01, 0.23 | 0.01, -0.01, 0.00
0.93, 1.91, 1.44 | 0.98, 1.96, 1.49 | 0.01, -0.02, 0.25 | 0.01, -0.01, 0.00
0.92, 1.90, 1.45 | 0.96, 1.94, 1.49 | -0.01, -0.01, 0.23 | 0.00, -0.01, 0.00
0.95, 1.95, 1.51 | 0.96, 1.94, 1.49 | 0.00, 0.01, 0.24 | 0.00, 0.00, 0.00
0.99, 1.98, 1.53 | 0.97, 1.95, 1.50 | 0.01, -0.00, 0.23 | 0.00, 0.00, 0.00
1.01, 2.00, 1.56 | 0.97, 1.96, 1.50 | -0.01, -0.02, 0.25 | -0.00, -0.02, 0.00
1.00, 2.01, 1.53 | 0.98, 1.96, 1.50 | 0.01, -0.01, 0.24 | 0.00, -0.01, 0.00
0.96, 1.95, 1.49 | 0.97, 1.96, 1.51 | 0.01, 0.01, 0.21 | 0.00, 0.00, 0.00
1.01, 2.00, 1.56 | 0.98, 1.97, 1.51 | 0.00, -0.02, 0.21 | 0.00, -0.02, 0.00
1.03, 2.01, 1.56 | 0.99, 1.98, 1.51 | -0.00, -0.00, 0.22 | 0.00, -0.01, 0.00
1.04, 2.03, 1.57 | 1.00, 1.99, 1.51 | 0.02, 0.00, 0.23 | 0.01, 0.00, 0.00
1.02, 2.02, 1.46 | 1.00, 1.99, 1.52 | -0.00, 0.00, 0.21 | 0.00, 0.00, 0.00
0.98, 1.99, 1.47 | 1.00, 1.99, 1.52 | -0.00, -0.02, 0.23 | 0.00, -0.01, 0.00
0.97, 1.99, 1.42 | 1.00, 1.99, 1.52 | -0.01, 0.01, 0.25 | -0.00, 0.01, 0.00
0.95, 1.97, 1.44 | 0.99, 1.99, 1.52 | -0.00, -0.01, 0.25 | -0.00, -0.01, 0.00
0.97, 1.98, 1.46 | 0.99, 1.99, 1.52 | 0.00, 0.00, 0.23 | -0.00, 0.00, 0.00
1.00, 2.00, 1.51 | 0.99, 1.99, 1.52 | 0.01, 0.01, 0.23 | 0.00, 0.01, 0.00
0.96, 1.95, 1.49 | 0.98, 1.98, 1.52 | 0.01, -0.00, 0.24 | 0.00, 0.00, 0.00
0.96, 1.96, 1.41 | 0.98, 1.98, 1.52 | 0.01, 0.00, 0.24 | 0.01, 0.00, 0.00
0.94, 1.94, 1.43 | 0.97, 1.97, 1.52 | -0.01, 0.01, 0.23 | 0.00, 0.01, 0.00
1.02, 2.00, 1.54 | 0.98, 1.97, 1.53 | 0.00, 0.02, 0.22 | 0.00, 0.02, 0.00
1.01, 1.99, 1.48 | 0.99, 1.98, 1.53 | -0.01, 0.02, 0.26 | -0.00, 0.02, 0.00
0.99, 1.98, 1.45 | 0.99, 1.98, 1.53 | -0.00, -0.01, 0.23 | -0.00, -0.01, 0.00
0.99, 1.97, 1.41 | 0.99, 1.97, 1.53 | 0.01, -0.01, 0.21 | 0.00, -0.01, 0.00
0.99, 1.97, 1.43 | 0.99, 1.97, 1.53 | -0.01, 0.01, 0.25 | -0.00, 0.01, 0.00
1.00, 1.97, 1.37 | 0.99, 1.97, 1.53 | 0.00, -0.02, 0.25 | 0.00, -0.01, 0.00
1.05, 2.02, 1.49 | 1.00, 1.98, 1.53 | -0.00, -0.01, 0.22 | -0.00, -0.01, 0.00
1.02, 2.01, 1.46 | 1.01, 1.99, 1.53 | 0.01, 0.00, 0.24 | 0.00, 0.00, 0.00
1.04, 2.02, 1.48 | 1.01, 1.99, 1.53 | 0.02, -0.00, 0.21 | 0.01, -0.00, 0.00
1.02, 2.01, 1.41 | 1.02, 2.00, 1.53 | -0.01, 0.01, 0.24 | 0.00, 0.00, 0.00
1.05, 2.06, 1.51 | 1.02, 2.01, 1.53 | -0.00, 0.01, 0.25 | 0.00, 0.01, 0.00
0.99, 2.01, 1.48 | 1.02, 2.01, 1.53 | 0.01, -0.01, 0.22 | 0.00, -0.00, 0.00
1.03, 2.04, 1.53 | 1.02, 2.02, 1.54 | 0.00, -0.00, 0.23 | 0.00, -0.00, 0.00
1.04, 2.05, 1.55 | 1.03, 2.03, 1.54 | -0.00, -0.01, 0.24 | 0.00, -0.01, 0.00
1.01, 2.02, 1.53 | 1.03, 2.03, 1.54 | -0.00, -0.00, 0.25 | -0.00, -0.00, 0.00
0.97, 1.98, 1.52 | 1.02, 2.02, 1.54 | -0.01, -0.00, 0.22 | -0.00, -0.00, 0.00
1.03, 2.03, 1.62 | 1.02, 2.02, 1.55 | 0.00, 0.01, 0.25 | -0.00, 0.01, 0.00
0.99, 2.01, 1.57 | 1.02, 2.02, 1.55 | 0.00, -0.01, 0.25 | 0.00, -0.01, 0.00
1.00, 2.00, 1.52 | 1.02, 2.02, 1.55 | -0.00, -0.02, 0.24 | -0.00, -0.01, 0.00
1.05, 2.04, 1.60 | 1.02, 2.02, 1.55 | 0.01, -0.01, 0.23 | 0.00, -0.01, 0.00
1.04, 2.04, 1.56 | 1.03, 2.03, 1.56 | -0.01, -0.01, 0.23 | -0.00, -0.01, 0.00
1.07, 2.05, 1.58 | 1.04, 2.03, 1.56 | -0.00, -0.01, 0.23 | -0.00, -0.01, 0.00
1.11, 2.09, 1.65 | 1.05, 2.04, 1.56 | 0.01, 0.00, 0.22 | 0.00, -0.00, 0.00
1.08, 2.06, 1.61 | 1.06, 2.05, 1.57 | 0.01, -0.01, 0.24 | 0.01, -0.01, 0.00
1.07, 2.05, 1.59 | 1.06, 2.05, 1.57 | 0.00, -0.01, 0.24 | 0.00, -0.01, 0.00
1.01, 2.00, 1.53 | 1.06, 2.04, 1.57 | 0.01, -0.00, 0.22 | 0.01, -0.00, 0.00
0.99, 1.98, 1.45 | 1.05, 2.03, 1.57 | -0.01, -0.01, 0.25 | -0.00, -0.01, 0.00
0.99, 1.98, 1.40 | 1.04, 2.02, 1.57 | -0.00, -0.00, 0.23 | -0.00, -0.00, 0.00
0.98, 1.98, 1.41 | 1.03, 2.01, 1.57 | -0.01, -0.02, 0.23 | -0.01, -0.02, 0.00
0.97, 1.98, 1.36 | 1.02, 2.01, 1.57 | -0.00, 0.00, 0.21 | -0.01, -0.00, 0.00
0.98, 2.00, 1.41 | 1.01, 2.00, 1.57 | -0.00, 0.00, 0.27 | -0.00, 0.00, 0.00
0.96, 1.94, 1.40 | 1.00, 1.99, 1.56 | 0.01, -0.00, 0.23 | 0.00, -0.00, 0.00
0.99, 1.96, 1.43 | 1.00, 1.98, 1.56 | 0.01, -0.00, 0.23 | 0.00, -0.00, 0.00
0.99, 1.98, 1.45 | 1.00, 1.98, 1.56 | 0.01, -0.00, 0.24 | 0.00, -0.00, 0.00
0.98, 1.98, 1.42 | 0.99, 1.98, 1.56 | -0.00, -0.01, 0.23 | 0.00, -0.01, 0.00
1.04, 2.03, 1.53 | 1.00, 1.99, 1.57 | 0.01, -0.02, 0.24 | 0.01, -0.02, 0.00
1.01, 2.02, 1.46 | 1.00, 1.99, 1.57 | 0.00, 0.01, 0.21 | 0.00, 0.01, 0.00
1.01, 2.00, 1.41 | 1.00, 1.99, 1.56 | 0.00, 0.01, 0.26 | 0.00, 0.01, 0.00
1.02, 2.02, 1.46 | 1.01, 2.00, 1.56 | -0.00, -0.00, 0.23 | 0.00, 0.00, 0.00
0.98, 1.98, 1.42 | 1.00, 1.99, 1.56 | 0.01, -0.00, 0.24 | 0.01, -0.00, 0.00
1.03, 2.04, 1.53 | 1.01, 2.00, 1.57 | 0.00, -0.03, 0.26 | 0.00, -0.02, 0.00
1.05, 2.05, 1.54 | 1.01, 2.01, 1.57 | -0.01, 0.01, 0.23 | -0.00, 0.00, 0.00
1.08, 2.09, 1.62 | 1.02, 2.02, 1.57 | 0.00, -0.01, 0.21 | -0.00, -0.00, 0.00
1.12, 2.11, 1.69 | 1.04, 2.04, 1.57 | 0.00, 0.01, 0.23 | 0.00, 0.01, 0.00
1.15, 2.13, 1.74 | 1.06, 2.06, 1.58 | 0.00, -0.01, 0.25 | 0.00, -0.01, 0.00
1.08, 2.09, 1.65 | 1.07, 2.07, 1.58 | 0.01, -0.00, 0.21 | 0.00, -0.00, 0.00
1.02, 2.05, 1.59 | 1.06, 2.07, 1.59 | 0.01, 0.00, 0.24 | 0.01, 0.00, 0.00
1.03, 2.05, 1.60 | 1.06, 2.07, 1.59 | 0.01, -0.01, 0.24 | 0.01, -0.01, 0.00
1.01, 2.04, 1.50 | 1.05, 2.06, 1.59 | -0.01, 0.00, 0.23 | 0.00, 0.00, 0.00
0.99, 2.00, 1.46 | 1.04, 2.05, 1.59 | -0.00, -0.01, 0.23 | 0.00, -0.01, 0.00
0.97, 1.97, 1.47 | 1.03, 2.04, 1.59 | -0.00, 0.01, 0.22 | -0.00, 0.00, 0.00
1.00, 1.99, 1.51 | 1.03, 2.03, 1.59 | 0.01, 0.00, 0.24 | 0.00, 0.00, 0.00
0.99, 2.00, 1.48 | 1.02, 2.02, 1.59 | 0.00, -0.00, 0.25 | 0.00, -0.00, 0.00
1.00, 2.00, 1.49 | 1.02, 2.02, 1.59 | 0.00, -0.02, 0.26 | 0.00, -0.02, 0.00
1.01, 2.01, 1.48 | 1.02, 2.01, 1.59 | 0.00, -0.00, 0.22 | 0.00, -0.00, 0.00
1.00, 1.99, 1.42 | 1.01, 2.01, 1.59 | -0.00, 0.00, 0.22 | -0.00, 0.00, 0.00
0.99, 1.99, 1.39 | 1.01, 2.00, 1.59 | 0.01, -0.01, 0.26 | 0.00, -0.01, 0.00
0.99, 2.00, 1.43 | 1.00, 2.00, 1.59 | -0.00, -0.00, 0.23 | 0.00, -0.00, 0.00
0.99, 1.99, 1.38 | 1.00, 2.00, 1.59 | -0.01, -0.01, 0.22 | -0.00, -0.01, 0.00
1.01, 2.01, 1.43 | 1.00, 2.00, 1.58 | 0.00, -0.01, 0.23 | -0.00, -0.01, 0.00
1.02, 2.02, 1.46 | 1.00, 2.00, 1.58 | 0.00, -0.01, 0.25 | 0.00, -0.01, 0.00
1.03, 2.02, 1.48 | 1.01, 2.01, 1.59 | 0.00, -0.01, 0.26 | 0.00, -0.01, 0.00
1.03, 2.03, 1.53 | 1.01, 2.01, 1.59 | 0.01, 0.02, 0.24 | 0.00, 0.01, 0.00
1.07, 2.07, 1.62 | 1.02, 2.02, 1.59 | 0.01, -0.01, 0.23 | 0.01, -0.01, 0.00
1.03, 2.02, 1.59 | 1.02, 2.02, 1.59 | -0.01, 0.01, 0.23 | 0.00, 0.00, 0.00
1.06, 2.05, 1.64 | 1.03, 2.03, 1.59 | -0.00, -0.02, 0.24 | 0.00, -0.01, 0.00
1.04, 2.03, 1.52 | 1.03, 2.03, 1.59 | 0.02, -0.00, 0.24 | 0.01, -0.00, 0.00
1.00, 1.97, 1.49 | 1.03, 2.01, 1.60 | 0.01, -0.00, 0.23 | 0.01, -0.00, 0.00
0.99, 1.97, 1.47 | 1.02, 2.00, 1.60 | 0.01, -0.00, 0.21 | 0.01, -0.00, 0.00
0.96, 1.94, 1.48 | 1.01, 1.99, 1.60 | 0.01, -0.02, 0.22 | 0.01, -0.02, 0.00
0.99, 1.96, 1.53 | 1.01, 1.98, 1.60 | 0.00, 0.01, 0.23 | 0.00, 0.01, 0.00
0.99, 1.96, 1.46 | 1.00, 1.98, 1.60 | 0.00, 0.01, 0.22 | 0.00, 0.01, 0.00
1.04, 2.02, 1.56 | 1.01, 1.98, 1.60 | 0.01, -0.01, 0.25 | 0.01, -0.01, 0.00
1.01, 1.99, 1.53 | 1.01, 1.98, 1.60 | -0.00, 0.00, 0.22 | 0.00, 0.00, 0.00
1.01, 1.99, 1.51 | 1.01, 1.98, 1.60 | 0.02, 0.00, 0.24 | 0.01, 0.00, 0.00
0.98, 1.96, 1.52 | 1.00, 1.98, 1.60 | 0.00, -0.00, 0.21 | 0.01, -0.00, 0.00
1.04, 2.02, 1.60 | 1.01, 1.98, 1.60 | 0.01, 0.01, 0.20 | 0.01, 0.01, 0.00
1.00, 1.98, 1.53 | 1.01, 1.98, 1.60 | 0.01, 0.00, 0.26 | 0.01, 0.00, 0.00
1.03, 2.01, 1.59 | 1.01, 1.98, 1.60 | -0.01, -0.02, 0.23 | -0.00, -0.01, 0.00
1.06, 2.03, 1.65 | 1.02, 1.99, 1.61 | -0.01, -0.01, 0.25 | -0.00, -0.01, 0.00
1.07, 2.02, 1.59 | 1.03, 2.00, 1.61 | 0.01, -0.01, 0.20 | 0.00, -0.01, 0.00
1.03, 1.98, 1.56 | 1.03, 1.99, 1.61 | -0.01, 0.01, 0.22 | -0.00, 0.00, 0.00
1.00, 1.95, 1.52 | 1.03, 1.98, 1.61 | -0.00, -0.01, 0.22 | -0.00, -0.01, 0.00
1.00, 1.96, 1.46 | 1.02, 1.98, 1.61 | 0.01, -0.00, 0.22 | 0.00, -0.00, 0.00
0.97, 1.95, 1.47 | 1.01, 1.97, 1.61 | 0.01, -0.01, 0.24 | 0.00, -0.01, 0.00
1.01, 1.97, 1.50 | 1.01, 1.97, 1.61 | 0.01, -0.01, 0.23 | 0.00, -0.01, 0.00
1.03, 2.00, 1.54 | 1.02, 1.97, 1.61 | 0.00, -0.01, 0.24 | 0.00, -0.01, 0.00
1.01, 2.00, 1.48 | 1.01, 1.98, 1.61 | -0.00, 0.00, 0.20 | 0.00, 0.00, 0.00
0.99, 1.97, 1.48 | 1.01, 1.97, 1.61 | -0.00, 0.00, 0.20 | 0.00, 0.00, 0.00
0.97, 1.94, 1.47 | 1.00, 1.97, 1.61 | 0.01, -0.01, 0.21 | 0.00, -0.00, 0.00
0.96, 1.96, 1.40 | 1.00, 1.96, 1.61 | 0.00, 0.01, 0.20 | 0.00, 0.01, 0.00
0.93, 1.93, 1.38 | 0.98, 1.96, 1.61 | 0.00, 0.01, 0.23 | 0.00, 0.01, 0.00
0.92, 1.92, 1.40 | 0.97, 1.95, 1.61 | 0.01, -0.00, 0.24 | 0.00, -0.00, 0.00
0.99, 1.99, 1.51 | 0.97, 1.95, 1.61 | 0.00, 0.00, 0.23 | 0.00, 0.00, 0.00
0.99, 1.98, 1.45 | 0.97, 1.96, 1.61 | 0.01, 0.02, 0.20 | 0.01, 0.02, 0.00
0.96, 1.96, 1.43 | 0.97, 1.96, 1.60 | 0.00, -0.01, 0.23 | 0.00, -0.01, 0.00
1.01, 2.02, 1.54 | 0.98, 1.97, 1.61 | 0.01, 0.00, 0.23 | 0.01, 0.00, 0.00
1.01, 2.01, 1.45 | 0.98, 1.98, 1.61 | -0.00, 0.00, 0.21 | 0.00, 0.00, 0.00
0.98, 1.97, 1.46 | 0.98, 1.97, 1.60 | 0.01, -0.01, 0.18 | 0.01, -0.01, 0.00
1.00, 2.00, 1.49 | 0.98, 1.98, 1.60 | 0.01, 0.01, 0.20 | 0.01, 0.01, 0.00
1.00, 1.99, 1.41 | 0.99, 1.98, 1.60 | 0.01, -0.01, 0.20 | 0.01, -0.00, 0.00
1.02, 2.01, 1.46 | 0.99, 1.99, 1.60 | -0.00, 0.02, 0.19 | 0.00, 0.02, 0.00
1.07, 2.05, 1.56 | 1.00, 2.00, 1.60 | 0.00, 0.00, 0.22 | 0.00, 0.00, 0.00
1.08, 2.06, 1.57 | 1.02, 2.01, 1.61 | 0.01, 0.01, 0.20 | 0.01, 0.01, 0.00
1.04, 2.03, 1.55 | 1.02, 2.02, 1.61 | -0.01, -0.02, 0.23 | 0.00, -0.01, 0.00
1.01, 2.00, 1.53 | 1.02, 2.02, 1.61 | 0.01, 0.00, 0.23 | 0.00, -0.00, 0.00
1.02, 2.02, 1.53 | 1.02, 2.02, 1.61 | 0.02, 0.00, 0.19 | 0.01, 0.00, 0.00
0.99, 1.98, 1.53 | 1.02, 2.01, 1.61 | 0.01, 0.01, 0.21 | 0.01, 0.01, 0.00
1.02, 2.02, 1.60 | 1.02, 2.02, 1.61 | -0.01, -0.00, 0.22 | 0.00, -0.00, 0.00
1.03, 2.03, 1.63 | 1.02, 2.02, 1.61 | -0.01, 0.00, 0.22 | -0.00, 0.00, 0.00
1.08, 2.07, 1.68 | 1.04, 2.03, 1.62 | 0.02, -0.00, 0.20 | 0.01, -0.00, 0.00
1.04, 2.02, 1.63 | 1.04, 2.03, 1.62 | 0.00, -0.00, 0.20 | 0.00, -0.00, 0.00
1.01, 1.99, 1.61 | 1.03, 2.02, 1.62 | -0.02, 0.00, 0.23 | -0.00, 0.00, 0.00
