1.28, 2.19, 1.67 | 1.23, 2.21, 1.82 | 0.043501488864421844, 0.562227725982666, 0.06086158752441406 | 0.04400122270674088, 0.5603347052597775, -8.765255419761477E-4
1.27, 2.20, 1.71 | 1.24, 2.21, 1.82 | -0.06592797487974167, -0.4485582411289215, 0.02344799041748047 | -0.056952063227471705, -0.44371007307762056, -0.0010795784258562863
1.26, 2.21, 1.75 | 1.24, 2.21, 1.82 | -0.033405981957912445, 0.0445672869682312, 0.01774120330810547 | -0.04467450427233588, -0.04565151407027673, -0.0012135408755996693
1.25, 2.21, 1.77 | 1.24, 2.21, 1.82 | 0.06579621881246567, -0.12530206143856049, 0.007378578186035156 | 0.02205622411215881, -0.12166496264174118, -0.001326024111341064
1.25, 2.21, 1.76 | 1.25, 2.21, 1.82 | 0.01992679201066494, -0.18081846833229065, -0.03890514373779297 | 0.02056649037905185, -0.17920050107865215, -0.001515710852544377
1.25, 2.22, 1.80 | 1.25, 2.21, 1.82 | -0.011920709162950516, -0.06474177539348602, -0.04466438293457031 | 0.004190244008125538, -0.07853001992333325, -0.0016260557650065231
1.25, 2.24, 1.82 | 1.25, 2.22, 1.82 | -0.06023077666759491, -0.10919234156608582, -0.05944061279296875 | -0.034025481390563744, -0.10772965134076953, -0.0016805203275280694
1.24, 2.23, 1.82 | 1.25, 2.22, 1.82 | -0.03127435967326164, 0.11934524774551392, 0.03777313232421875 | -0.03240924576036774, 0.10713725134073682, -0.0016556785077347816
1.26, 2.21, 1.75 | 1.25, 2.22, 1.82 | 0.04323360323905945, -0.019452795386314392, -0.04063987731933594 | 8.045291306831293E-4, 0.0022035267885978094, -0.001934566142808119
1.23, 2.22, 1.78 | 1.24, 2.22, 1.82 | 0.04494817927479744, -0.07364258170127869, -0.03045368194580078 | 0.021180356584676582, -0.06620662686537508, -0.0021047463679816185
1.24, 2.22, 1.76 | 1.24, 2.22, 1.82 | -0.04704694822430611, 0.011925995349884033, -0.030965805053710938 | -0.005122854001593971, -0.0030519965117851017, -0.0023401534402435623
1.23, 2.23, 1.78 | 1.24, 2.22, 1.81 | -0.054682690650224686, 0.014121651649475098, -0.03620624542236328 | -0.023915540560654962, 0.011399569253509998, -0.00249474886915213
1.22, 2.24, 1.80 | 1.23, 2.23, 1.81 | 0.006174162961542606, -0.06723643839359283, -0.03972148895263672 | -0.011680221395632384, -0.0573799401049901, -0.0025949533380038
1.22, 2.23, 1.78 | 1.23, 2.23, 1.81 | 0.05527824908494949, -0.0822945237159729, -0.053142547607421875 | 0.022443814767032763, -0.08057943667456782, -0.00275294858553076
1.23, 2.23, 1.77 | 1.23, 2.23, 1.81 | -0.10404735058546066, -0.03515973687171936, 0.0036602020263671875 | -0.04419640471718812, -0.03840246397320301, -0.002930169266246912
1.23, 2.23, 1.77 | 1.23, 2.23, 1.81 | -0.06906769424676895, -0.016995757818222046, -0.013458251953125 | -0.05516281859375234, -0.019981780643747286, -0.0031177353291674797
1.21, 2.24, 1.82 | 1.22, 2.23, 1.81 | -0.0170014426112175, -0.08371061086654663, -0.1429586410522461 | -0.030499813055748056, -0.08155716906932765, -0.003167944343615572
1.22, 2.22, 1.78 | 1.22, 2.23, 1.80 | -0.1219998374581337, -0.20940522849559784, -0.068359375 | -0.10300370730225483, -0.20744958183375184, -0.0033545862828293143
1.21, 2.22, 1.78 | 1.21, 2.22, 1.80 | -0.1793774664402008, -0.018071860074996948, -0.023843765258789062 | -0.1572144900552777, -0.02347399544755735, -0.0034792618064776646
1.20, 2.23, 1.78 | 1.21, 2.22, 1.80 | 0.02105507254600525, -0.0559706911444664, -0.055927276611328125 | -0.06611909093229, -0.05222479464490363, -0.0036017217811249577
1.19, 2.23, 1.81 | 1.20, 2.22, 1.80 | 0.019338343292474747, -0.08820602297782898, -0.08974838256835938 | -0.017475401435111268, -0.08621740362235072, -0.0035861065155880284
1.20, 2.20, 1.72 | 1.20, 2.21, 1.79 | 0.28364241123199463, -0.15930938720703125, -0.15593338012695312 | 0.24636003638958792, -0.15875605027870798, -0.004047994751603753
1.21, 2.16, 1.66 | 1.20, 2.19, 1.78 | 0.2234567403793335, -0.3641314208507538, -0.2932872772216797 | 0.2249536440815177, -0.3633722773554833, -0.004875335403444993
1.21, 2.13, 1.62 | 1.20, 2.15, 1.77 | 0.4820915758609772, -0.843442976474762, 0.010076522827148438 | 0.47685782190360465, -0.8429354524622032, -0.005664261565250661
1.25, 2.23, 1.53 | 1.22, 2.19, 1.76 | 0.42439788579940796, -0.30806559324264526, -0.2744169235229492 | 0.42708906154569126, -0.3095837182782978, -0.007009298144020092
1.23, 2.18, 1.57 | 1.23, 2.18, 1.75 | 0.5369938611984253, -0.3529851734638214, 0.11600399017333984 | 0.5322707390077148, -0.352883865943169, -0.007900821550379949
1.18, 2.13, 1.60 | 1.22, 2.14, 1.74 | 0.1337556689977646, 0.19210313260555267, 0.2679777145385742 | 0.18184175423206672, 0.18786541235006549, -0.008501238949334128
1.18, 2.10, 1.64 | 1.21, 2.11, 1.73 | -0.2353741079568863, 0.6294096112251282, 0.718388557434082 | -0.22707333453713985, 0.628954237926031, -0.008605118207968226
1.18, 2.07, 1.72 | 1.20, 2.08, 1.73 | -0.6698639988899231, 0.9665562510490417, 0.29009246826171875 | -0.6639864532038446, 0.966326449245575, -0.00850114201147943
1.19, 2.03, 1.74 | 1.20, 2.04, 1.72 | -1.0126962661743164, 0.9474867582321167, -0.32762813568115234 | -1.0093276847868968, 0.9474960267553483, -0.008587238626569925
1.20, 1.98, 1.76 | 1.20, 1.99, 1.72 | -1.0081894397735596, 0.29233041405677795, -0.09691524505615234 | -1.0082092021315479, 0.29291890591678515, -0.0084457736025875
1.22, 1.92, 1.77 | 1.21, 1.93, 1.72 | -1.1622453927993774, 0.7737301588058472, -0.24921512603759766 | -1.1607434687650064, 0.7734913742626855, -0.008301786477773554
1.27, 1.88, 1.76 | 1.23, 1.90, 1.72 | -0.37763702869415283, -0.08309011161327362, -0.5713386535644531 | -0.40800451318934616, -0.08129788055650133, -0.008321611569197281
1.25, 1.84, 1.80 | 1.23, 1.86, 1.71 | -0.3129127323627472, -0.0653906762599945, -0.3914794921875 | -0.3193663812554318, -0.06545246872691175, -0.008072254581941744
1.26, 1.80, 1.81 | 1.23, 1.82, 1.72 | -0.22764474153518677, -0.7726793885231018, -0.051959991455078125 | -0.2303023463957811, -0.7715972606661547, -0.007665145103951916
1.25, 1.77, 1.82 | 1.24, 1.77, 1.72 | -0.2682569921016693, -0.4489380717277527, 1.0561513900756836 | -0.26772549164890014, -0.4491700403729058, -0.0068866219010491805
1.26, 1.71, 1.82 | 1.24, 1.72, 1.73 | 0.33441558480262756, 0.32897788286209106, 1.290919303894043 | 0.328163684576094, 0.32856584424062246, -0.006123326932731175
1.24, 1.68, 1.81 | 1.23, 1.68, 1.73 | 0.689224898815155, 0.25698110461235046, 0.05728721618652344 | 0.6768629274525599, 0.25711212765145636, -0.00576502572666927
1.24, 1.65, 1.91 | 1.23, 1.65, 1.74 | 0.5749905705451965, 0.9761663675308228, -1.0724115371704102 | 0.5758144966703254, 0.9758711383099972, -0.005347284702090271
1.21, 1.58, 1.87 | 1.22, 1.59, 1.74 | 0.43182170391082764, 0.966553807258606, -0.1661386489868164 | 0.43424552058707355, 0.9665619067906026, -0.004862042704993646
1.21, 1.56, 1.94 | 1.21, 1.56, 1.75 | 0.9014960527420044, -0.07520070672035217, -0.15011024475097656 | 0.8908833049859737, -0.07396475456918084, -0.004166446220045625
1.20, 1.50, 1.91 | 1.21, 1.52, 1.76 | 0.5017575025558472, 0.15825259685516357, -0.2600412368774414 | 0.5220258846084896, 0.1575822696587667, -0.0036503477458889647
1.19, 1.44, 1.89 | 1.21, 1.46, 1.76 | 0.04199976846575737, -0.5015605092048645, -0.1854562759399414 | 0.0713877320261968, -0.4992853943851518, -0.003230150138062591
1.17, 1.39, 1.88 | 1.19, 1.40, 1.77 | 0.29763615131378174, -0.45631760358810425, 0.43341541290283203 | 0.2889911979936849, -0.456405896151505, -0.0027504701711405562
1.16, 1.34, 1.87 | 1.17, 1.35, 1.78 | -0.07728441804647446, -0.7243649363517761, 1.4340734481811523 | -0.07449534975779354, -0.7242614470231858, -0.0021793346140659585
1.19, 1.29, 1.93 | 1.18, 1.29, 1.79 | -0.6346362829208374, 0.7677199840545654, 0.10437870025634766 | -0.6238942732769375, 0.7662355017418618, -0.0017071407408569945
1.19, 1.26, 1.95 | 1.19, 1.25, 1.79 | -0.3533593714237213, 0.7298850417137146, -0.9689912796020508 | -0.3566663281046197, 0.7299077815744334, -0.0013788834490981094
1.21, 1.23, 1.95 | 1.20, 1.23, 1.80 | -0.4237414300441742, 0.32423287630081177, -0.7632970809936523 | -0.4222624209621243, 0.3246995419783537, -0.001025440192887309
1.21, 1.18, 1.92 | 1.20, 1.18, 1.81 | -0.0837780311703682, -0.24313010275363922, -0.5549135208129883 | -0.10014491181429547, -0.2416201543989407, -7.731359298433388E-4
1.22, 1.14, 1.86 | 1.21, 1.14, 1.81 | 0.0014954451471567154, -0.29923373460769653, -0.08589363098144531 | -0.013456375411490543, -0.29865129930395407, -6.325053500959208E-4
1.22, 1.09, 1.85 | 1.21, 1.09, 1.81 | -0.2753867506980896, -0.5473049879074097, -0.24176883697509766 | -0.2642617342051904, -0.5467344499188638, -5.513550764437541E-4
1.24, 1.04, 1.78 | 1.22, 1.05, 1.81 | -0.12172715365886688, -0.033582448959350586, 0.37261199951171875 | -0.13642591083631658, -0.03685546389435279, -5.853182024491503E-4
1.26, 0.98, 1.80 | 1.24, 0.98, 1.81 | 0.1250668615102768, -0.6921007037162781, 0.9906015396118164 | 0.12161231464959912, -0.6916573505175324, -4.945426386221178E-4
1.29, 0.93, 1.86 | 1.27, 0.93, 1.81 | 0.16820473968982697, 0.9911598563194275, 0.8824958801269531 | 0.16769536805681823, 0.9902205163588708, -2.9592444278978946E-4
1.31, 0.89, 1.85 | 1.30, 0.88, 1.81 | 0.7009696364402771, 1.1612309217453003, -1.1590576171875 | 0.6976604831103346, 1.1611772331992092, -3.201535435150958E-4
1.31, 0.83, 1.87 | 1.31, 0.84, 1.82 | 0.8918529748916626, 1.2118475437164307, -0.014192581176757812 | 0.8901673210874375, 1.211825184312132, -1.9406255464280233E-4
1.33, 0.79, 1.97 | 1.33, 0.79, 1.83 | 0.8602108359336853, 0.7135502099990845, -0.03917503356933594 | 0.8606751137954868, 0.7139479863133427, 1.2702389624881294E-4
1.32, 0.74, 1.94 | 1.33, 0.75, 1.83 | 0.4128236174583435, 0.38444679975509644, 0.0017023086547851562 | 0.4378488730857546, 0.38547576693798913, 3.6237738401482324E-4
1.32, 0.70, 1.90 | 1.34, 0.71, 1.84 | 0.44425755739212036, 0.34118759632110596, 0.32468318939208984 | 0.44397750734894303, 0.3412927454079318, 5.314602612748831E-4
1.31, 0.67, 2.01 | 1.34, 0.68, 1.85 | 0.3317016363143921, -0.10320651531219482, -0.15925979614257812 | 0.34382765816523, -0.10020393259694499, 8.525525223357909E-4
1.31, 0.65, 1.99 | 1.34, 0.65, 1.86 | 0.8805229663848877, -0.08012768626213074, -0.10741901397705078 | 0.8676077875774436, -0.08015293074955154, 0.001110362403613524
1.33, 0.62, 1.97 | 1.34, 0.62, 1.87 | 1.4135854244232178, -1.0086621046066284, 1.3755617141723633 | 1.4113782456096915, -1.008472990851879, 0.0014145380020931337
1.37, 0.59, 2.00 | 1.37, 0.59, 1.88 | -1.7251380681991577, 0.4373037815093994, 0.8621559143066406 | -1.7092592584185062, 0.43693426793252965, 0.0017113467462087468
1.37, 0.59, 2.03 | 1.38, 0.58, 1.88 | -1.0621894598007202, 0.31148815155029297, -0.688389778137207 | -1.0696311405502081, 0.3115618935586103, 0.001925996143096327
1.41, 0.58, 2.00 | 1.41, 0.58, 1.89 | -0.7429971694946289, -0.020835161209106445, -0.7767791748046875 | -0.7484609338699677, -0.02054808325228158, 0.0020632806764179106
1.44, 0.53, 1.96 | 1.43, 0.53, 1.90 | -1.1104587316513062, 0.20951437950134277, 0.07051944732666016 | -1.1049807415793176, 0.20933520113204876, 0.0021768652450727425
1.45, 0.53, 1.84 | 1.44, 0.52, 1.90 | 0.17506122589111328, -0.2262360155582428, -0.148223876953125 | -0.0033456284918678136, -0.2221190316615634, 0.002083498389049268
1.52, 0.48, 1.83 | 1.49, 0.48, 1.89 | 0.3888402283191681, -0.9171267747879028, -0.13039493560791016 | 0.38134545242298307, -0.916439541028815, 0.0019811039829886745
1.61, 0.45, 1.85 | 1.55, 0.45, 1.89 | 0.042050182819366455, -0.535304605960846, 0.3477668762207031 | 0.05716823608160532, -0.5362313554669917, 0.0019321423593688263
1.67, 0.44, 1.81 | 1.62, 0.43, 1.89 | -0.29887616634368896, -0.40542346239089966, 0.2947530746459961 | -0.2801207073417279, -0.4058053016364153, 0.00181806875476418
1.76, 0.41, 1.89 | 1.71, 0.40, 1.89 | -0.08205056190490723, -0.07972972095012665, 0.7745580673217773 | -0.08812610399506238, -0.08025990208526212, 0.0018439063190240185
1.82, 0.39, 1.82 | 1.80, 0.39, 1.89 | -1.2791563272476196, 0.9954215884208679, 0.6897954940795898 | -1.2715756857706264, 0.995075144421627, 0.0017758375943790618
1.89, 0.37, 1.84 | 1.88, 0.37, 1.89 | 0.38545405864715576, 0.7900269627571106, -1.5376577377319336 | 0.37502261598966924, 0.7900922832981488, 0.0016436212488322465
1.95, 0.34, 1.85 | 1.94, 0.34, 1.89 | -1.107904314994812, 0.8879832029342651, -0.25269222259521484 | -1.093912378491066, 0.8879361811243749, 0.0015853730455962795
1.98, 0.33, 1.82 | 1.98, 0.33, 1.88 | 0.036532044410705566, 1.0903446674346924, -0.5145740509033203 | 0.021406876439727496, 1.0902057433528747, 0.0014824228951779528
2.03, 0.31, 1.85 | 2.02, 0.31, 1.88 | 0.0016161203384399414, 0.22169217467308044, 0.20611953735351562 | 0.004629738148915544, 0.23096773418752814, 0.0014410025389232268
2.06, 0.31, 1.80 | 2.05, 0.31, 1.88 | 0.23013103008270264, 0.3455902338027954, 0.33701515197753906 | 0.21616508892825406, 0.34519218554012954, 0.0013523446727452305
2.11, 0.33, 1.84 | 2.10, 0.32, 1.88 | 0.9998266696929932, 0.4558376371860504, 1.0555706024169922 | 0.9931867032163488, 0.45579002048890166, 0.001338002110489782
2.17, 0.35, 1.87 | 2.16, 0.35, 1.88 | -0.9311654567718506, -1.0692212581634521, 1.0205774307250977 | -0.9187169842887357, -1.0687218898598854, 0.0013602521793278529
2.22, 0.38, 1.91 | 2.21, 0.37, 1.88 | -0.4030207395553589, -0.6206916570663452, -0.8194732666015625 | -0.41121229007785864, -0.6210585279005338, 0.001355588943024264
2.21, 0.38, 1.83 | 2.22, 0.38, 1.88 | -0.5073169469833374, -1.0493324995040894, -0.45414066314697266 | -0.5061189754297589, -1.0490591410479126, 0.0012765897514034816
2.23, 0.38, 1.80 | 2.24, 0.37, 1.88 | 0.35381853580474854, 0.12937229871749878, 0.23375988006591797 | 0.2810405922735465, 0.1234376438822955, 0.001199209009212329
2.27, 0.43, 1.82 | 2.27, 0.41, 1.88 | 0.29814231395721436, 0.16449201107025146, -0.45489978790283203 | 0.2971954074199763, 0.16436564458157088, 0.0011192643009543437
2.23, 0.53, 1.67 | 2.27, 0.48, 1.87 | 0.2034473419189453, 0.2904200255870819, 0.073974609375 | 0.21446897411856047, 0.2894737124170451, 9.167892963448139E-4
2.26, 0.52, 1.69 | 2.28, 0.51, 1.86 | 0.08535885810852051, 0.21635520458221436, 0.21499919891357422 | 0.10407405049390878, 0.21706986509068096, 7.480382567997848E-4
2.32, 0.57, 1.71 | 2.31, 0.56, 1.85 | 0.7011287212371826, 0.2464054524898529, 0.31937599182128906 | 0.6838578714322843, 0.24636075391866585, 6.138036729835633E-4
2.30, 0.65, 1.60 | 2.31, 0.64, 1.84 | 0.8918882608413696, 0.6595925688743591, 1.107234001159668 | 0.8902212671569039, 0.6594244856201138, 4.126463523420541E-4
2.34, 0.63, 1.63 | 2.34, 0.65, 1.84 | 0.47643494606018066, -0.8057199716567993, 0.3617744445800781 | 0.48433993659124136, -0.8042679759420622, 2.338844584090485E-4
2.33, 0.72, 1.55 | 2.34, 0.71, 1.82 | -1.7348803281784058, -0.664391040802002, -0.5113058090209961 | -1.723051690276673, -0.6644286961535679, -2.3215520170695323E-5
2.32, 0.80, 1.48 | 2.34, 0.79, 1.81 | -1.4733355045318604, 0.3485342264175415, -0.6374053955078125 | -1.4751593635729923, 0.3481591216294391, -3.2927720250201223E-4
2.38, 0.78, 1.54 | 2.37, 0.79, 1.79 | -0.8848847150802612, -0.21182000637054443, -0.18941879272460938 | -0.8979492881386947, -0.21117320626863378, -5.494169647172336E-4
2.39, 0.87, 1.52 | 2.38, 0.85, 1.78 | -0.5795358419418335, 0.418965220451355, -0.4115180969238281 | -0.5883769355865159, 0.41804226559847246, -7.799413893469624E-4
2.39, 0.96, 1.46 | 2.39, 0.93, 1.77 | 0.38056838512420654, 0.17723429203033447, -0.29663753509521484 | 0.3167554960025072, 0.1781387839035645, -0.0010405782534844696
2.39, 1.04, 1.42 | 2.39, 1.02, 1.75 | 0.45987701416015625, 0.5343259572982788, -0.21498775482177734 | 0.4549578509944172, 0.5336726523941747, -0.0013106489483168276
2.40, 1.09, 1.63 | 2.39, 1.09, 1.74 | 0.22850635647773743, 0.9335827231407166, 0.16329193115234375 | 0.2330822209982269, 0.9331628500170684, -0.0013978059154303893
2.41, 1.13, 1.74 | 2.41, 1.13, 1.74 | 0.341888427734375, 1.5865209102630615, 1.2428789138793945 | 0.3413725513544792, 1.5863646300215026, -0.0013723534266260526
2.47, 1.18, 1.74 | 2.45, 1.19, 1.74 | 0.09322264790534973, 0.14573848247528076, 0.7825260162353516 | 0.10049797610554123, 0.1479745176304006, -0.0013563473484598236
2.45, 1.17, 1.74 | 2.45, 1.19, 1.74 | -0.08696454763412476, -1.1846786737442017, 0.16426849365234375 | -0.08442687275807925, -1.1837532265459179, -0.0013547200825460796
2.40, 1.25, 1.67 | 2.42, 1.25, 1.73 | 0.4079417586326599, 0.24670106172561646, -1.7018404006958008 | 0.40482868944518674, 0.24624339511598725, -0.001440434694385024
2.38, 1.31, 1.63 | 2.39, 1.31, 1.73 | 0.701723039150238, -1.5648932456970215, -0.058312416076660156 | 0.6997334893077161, -1.5642786148024284, -0.0015120974471152708
2.33, 1.38, 1.59 | 2.37, 1.38, 1.72 | -0.24944335222244263, 0.21672916412353516, 0.0891866683959961 | -0.12854100868888285, 0.20178123399004422, -0.0015996352725300457
2.30, 1.43, 1.60 | 2.34, 1.43, 1.71 | -0.3276539444923401, -0.042317867279052734, 0.19152545928955078 | -0.30592784556531893, -0.04066655750295317, -0.0016733618872128123
2.27, 1.40, 1.61 | 2.30, 1.43, 1.71 | 0.013296201825141907, 0.36425483226776123, -0.0722665786743164 | -0.023001323054423983, 0.36136405591876714, -0.0017415741175076697
2.27, 1.44, 1.64 | 2.28, 1.45, 1.70 | 0.017060324549674988, 0.6724648475646973, 0.8111276626586914 | 0.016362422659180614, 0.6721851862163775, -0.0017633150895895618
2.25, 1.49, 1.63 | 2.25, 1.49, 1.70 | 0.6428719162940979, -0.5919996500015259, 0.9248256683349609 | 0.6353176861028342, -0.5912197942178663, -0.0017865590483990815
2.24, 1.54, 1.64 | 2.24, 1.54, 1.69 | -0.18243789672851562, -1.388741135597229, -0.31385326385498047 | -0.17465029741362426, -1.388354437690523, -0.001824038130561549
2.22, 1.60, 1.63 | 2.22, 1.60, 1.69 | -0.5459402799606323, -0.7953752875328064, -1.105515480041504 | -0.5425536085653799, -0.7956504726392496, -0.0018835272335681146
2.21, 1.64, 1.69 | 2.21, 1.64, 1.69 | 0.12154257297515869, -1.0520366430282593, -0.23669910430908203 | 0.11063248737082543, -1.0518192890047393, -0.0018835355399553328
2.19, 1.70, 1.68 | 2.20, 1.69, 1.68 | -0.13887441158294678, -0.626823365688324, -0.0434112548828125 | -0.12787686427773381, -0.627844799160673, -0.0018872655320004903
2.19, 1.71, 1.71 | 2.18, 1.70, 1.68 | 0.10915982723236084, 0.10360121726989746, 0.17353343963623047 | 0.05756400566326611, 0.0902440438843809, -0.0018687306115889326
2.17, 1.71, 1.73 | 2.17, 1.71, 1.68 | -0.489655077457428, 0.8481489419937134, -0.28548145294189453 | -0.47948622851873024, 0.8474220046308115, -0.0018483140627592464
2.15, 1.68, 1.78 | 2.15, 1.70, 1.68 | -0.6836832761764526, 0.13970842957496643, 0.7567224502563477 | -0.6799678949244119, 0.14037509658059433, -0.001781023196400016
2.09, 1.71, 1.74 | 2.10, 1.71, 1.69 | 0.8975653648376465, -0.009990692138671875, 2.4734678268432617 | 0.8930344328799311, -0.009968981070233779, -0.0017050823296946129
2.04, 1.72, 1.73 | 2.05, 1.72, 1.68 | 0.4167734384536743, 0.8121116161346436, -1.0103082656860352 | 0.42180285171158766, 0.8116686723407244, -0.001699012942737316
2.00, 1.71, 1.75 | 2.01, 1.72, 1.68 | 0.7666385173797607, 0.5722343921661377, -0.805607795715332 | 0.762338724231693, 0.5723872689017322, -0.001681267364368512
1.95, 1.68, 1.76 | 1.97, 1.70, 1.68 | 1.0295946598052979, 0.7043166160583496, 0.1184539794921875 | 1.0262744727578639, 0.7042326996493006, -0.001642049721693281
1.91, 1.68, 1.78 | 1.93, 1.69, 1.69 | -0.5291211605072021, 0.43719911575317383, -0.32016468048095703 | -0.4784048683396043, 0.4376630232242057, -0.0016000720885665286
1.88, 1.68, 1.83 | 1.90, 1.69, 1.69 | -0.016939997673034668, 0.24390695989131927, -0.02273273468017578 | -0.10956557455769561, 0.24701736896334195, -0.0015284892736894679
1.86, 1.69, 1.80 | 1.87, 1.70, 1.69 | -0.8582106828689575, 0.3250662088394165, -0.5059947967529297 | -0.8450095635183759, 0.3249952686187367, -0.0014845500251794074
1.84, 1.73, 1.73 | 1.84, 1.73, 1.69 | -0.39617300033569336, 0.7530062794685364, 0.3691701889038086 | -0.4061481991765454, 0.7525098952246579, -0.0014576229766672018
1.79, 1.73, 1.77 | 1.80, 1.74, 1.69 | -0.575925350189209, 0.13886305689811707, 1.1906709671020508 | -0.5740475349148473, 0.13920961891221695, -0.0014011125223472288
1.75, 1.76, 1.72 | 1.75, 1.76, 1.69 | 0.763018012046814, -0.04556461423635483, 0.014246940612792969 | 0.720180756320576, -0.04524955544496406, -0.0013856362168863153
1.70, 1.75, 1.77 | 1.71, 1.76, 1.69 | 0.4604058265686035, -0.39396825432777405, -0.7253456115722656 | 0.46597636554155686, -0.3935787594268589, -0.0013600341345866072
1.65, 1.73, 1.77 | 1.66, 1.75, 1.69 | 0.1322232484817505, 0.5185977220535278, -0.39128875732421875 | 0.14615548241871162, 0.516531786949534, -0.0013326973549595055
1.60, 1.74, 1.79 | 1.61, 1.75, 1.69 | -0.13800287246704102, 0.269968181848526, -0.31387996673583984 | -0.11325227256926623, 0.271249388608443, -0.0012925993060293136
1.54, 1.75, 1.82 | 1.55, 1.75, 1.70 | -0.5723105669021606, 0.813702404499054, -0.4529581069946289 | -0.5648649354303455, 0.813249157843241, -0.0012423214068082115
1.46, 1.73, 1.77 | 1.49, 1.75, 1.70 | -0.01851367950439453, 0.1400752067565918, 0.2855997085571289 | -0.09589796526408695, 0.14657739981485252, -0.0012053762154601892
1.41, 1.74, 1.80 | 1.42, 1.75, 1.70 | 0.5521438121795654, 0.3139069080352783, 0.5542011260986328 | 0.5348095490324352, 0.313672068847914, -0.001151501085281887
1.32, 1.76, 1.79 | 1.34, 1.76, 1.70 | 0.09868311882019043, 0.39444655179977417, 0.8916521072387695 | 0.10740694024454878, 0.3943626186198792, -0.0010962502336907128
1.29, 1.79, 1.85 | 1.29, 1.79, 1.71 | 1.5463190078735352, 0.192285418510437, 0.027635574340820312 | 1.534660530376544, 0.1923685491554843, -0.001032998216409292
1.22, 1.79, 1.85 | 1.23, 1.79, 1.71 | 0.8812583684921265, 0.8948173522949219, -0.571171760559082 | 0.8879826941267949, 0.8944487193238054, -9.820451004303463E-4
1.18, 1.83, 1.86 | 1.19, 1.83, 1.71 | 1.4568570852279663, -0.6079649925231934, 0.4494810104370117 | 1.4526954140447192, -0.6074077353062396, -9.12772995951111E-4
1.15, 1.88, 1.89 | 1.16, 1.87, 1.72 | -0.3116677403450012, 0.581844687461853, -0.7317371368408203 | -0.27676351487230355, 0.5806225837276239, -8.497484205173789E-4
1.13, 1.87, 1.82 | 1.14, 1.89, 1.72 | 0.5548750758171082, -0.037882089614868164, 0.12095832824707031 | 0.509124825576932, -0.03598455392798028, -8.047471898647248E-4
1.09, 1.88, 1.79 | 1.11, 1.89, 1.72 | 0.27531763911247253, 0.5626659393310547, -0.031884193420410156 | 0.28613408362479853, 0.5611519245972939, -7.75610083948373E-4
1.08, 1.90, 1.77 | 1.08, 1.91, 1.72 | -0.5151761770248413, 0.2581791877746582, 0.7488651275634766 | -0.497979562426748, 0.2585177576827069, -7.424030731669194E-4
1.08, 1.90, 1.70 | 1.07, 1.91, 1.72 | -0.03927243873476982, -0.4183015823364258, 1.1791601181030273 | -0.044983040160494814, -0.41787019503932277, -7.316879639424262E-4
1.11, 1.94, 1.66 | 1.09, 1.94, 1.72 | -1.4096128940582275, -0.9226452112197876, 0.13637065887451172 | -1.4001906755341809, -0.9224686472559424, -7.536379958421684E-4
1.12, 1.99, 1.69 | 1.11, 1.99, 1.71 | -0.8316538333892822, -0.3041480779647827, -1.1153755187988281 | -0.8371520029714091, -0.3044526367969128, -7.825185537304316E-4
1.14, 2.03, 1.66 | 1.12, 2.02, 1.71 | -0.8919077515602112, 0.7856742739677429, -0.8354339599609375 | -0.8913984728476894, 0.7851582945332983, -8.177273563783629E-4
1.14, 2.08, 1.67 | 1.11, 2.06, 1.71 | -0.1526508331298828, 0.2286522388458252, -0.5368318557739258 | -0.18925962133052066, 0.23017369565138324, -8.423246811573223E-4
1.11, 2.13, 1.69 | 1.09, 2.12, 1.71 | -0.4387390911579132, 0.6480518579483032, 0.033644676208496094 | -0.43109326977271983, 0.6473730359038445, -8.478384697615847E-4
1.17, 2.15, 1.65 | 1.13, 2.15, 1.70 | -0.2575708329677582, 0.9701994061470032, 0.7256946563720703 | -0.25977604182152325, 0.9699892683436708, -8.573333525864272E-4
1.17, 2.19, 1.64 | 1.15, 2.19, 1.70 | 0.1327669620513916, 1.0415970087051392, 1.4090633392333984 | 0.13025693775074337, 1.0415738347274914, -8.563054324761885E-4
1.16, 2.24, 1.65 | 1.14, 2.24, 1.70 | 0.2858312726020813, -0.3522346019744873, -0.4721193313598633 | 0.279190576019688, -0.34899819298488, -8.812666956596698E-4
1.15, 2.31, 1.72 | 1.13, 2.31, 1.70 | -0.08171027898788452, -0.5416313409805298, -0.5351314544677734 | -0.07017154717279422, -0.5413039584318684, -8.794123458003272E-4
1.14, 2.36, 1.73 | 1.13, 2.36, 1.70 | -0.34621238708496094, -1.7469325065612793, 0.2492227554321289 | -0.3445256571108911, -1.7465599098386617, -8.622676354592637E-4
1.12, 2.44, 1.78 | 1.12, 2.43, 1.70 | 0.10728028416633606, 0.18691027164459229, -0.6060914993286133 | 0.08736248758539, 0.1822601726834887, -8.399206496792768E-4
1.14, 2.46, 1.70 | 1.12, 2.46, 1.69 | -0.07432377338409424, -0.4783663749694824, -0.10500907897949219 | -0.06295721456140838, -0.47569591415095525, -8.411810025465384E-4
1.16, 2.57, 1.75 | 1.13, 2.54, 1.70 | 0.17521703243255615, 0.11155343055725098, -0.2365131378173828 | 0.14061945836796202, 0.10574366953636127, -8.249504940313306E-4
1.16, 2.63, 1.77 | 1.14, 2.61, 1.70 | 0.0833529531955719, 0.1714869737625122, 0.4756927490234375 | 0.08717457800344461, 0.17123854080115508, -7.8882913908142E-4
1.16, 2.69, 1.81 | 1.15, 2.68, 1.70 | 0.014069929718971252, 1.0974361896514893, 0.0068836212158203125 | 0.015245974420229319, 1.0966685852085614, -7.492905487235698E-4
1.14, 2.71, 1.86 | 1.14, 2.72, 1.70 | -0.3133227825164795, 0.031150460243225098, 0.3789186477661133 | -0.2900529878067787, 0.035504487052625766, -6.865771111315104E-4
1.14, 2.71, 1.89 | 1.14, 2.74, 1.71 | -0.012276321649551392, 0.2618027329444885, -0.7931613922119141 | -0.019820697508841745, 0.26147935240507536, -6.327640569982819E-4
1.14, 2.73, 1.86 | 1.14, 2.76, 1.71 | -0.233038067817688, -0.5974322557449341, 0.04641151428222656 | -0.22362122550100821, -0.5953645081904915, -5.779590154289119E-4
1.16, 2.75, 1.90 | 1.14, 2.78, 1.72 | -0.35968291759490967, -0.042065978050231934, -0.2191486358642578 | -0.3472161123273273, -0.04512009650681048, -5.137715564501218E-4
1.17, 2.79, 1.91 | 1.15, 2.81, 1.72 | -0.30402567982673645, -0.054916977882385254, 0.022733688354492188 | -0.3104647480555583, -0.05481697261045079, -4.4683746652593025E-4
1.15, 2.86, 2.02 | 1.14, 2.85, 1.73 | -0.2358335554599762, 0.6327565908432007, -0.18450546264648438 | -0.23866550518174662, 0.631359170383715, -3.467093418317623E-4
