-0.46100003, 1.012, -0.9387984, 0.0, 37.379314, 0.0, 1594672724939
-0.014000058, 0.026000023, -0.13175976, 0.012893245, -0.033047974, -0.019088794, 1594672725035
0.01700008, -0.011000037, -0.054534197, 0.0, -0.025145657, -0.0111464765, 1594672725133
0.008000016, -0.004999995, -0.051677465, 0.0, -0.021394115, -0.0047113453, 1594672725230
-0.016000032, 0.031000018, 0.048606753, 0.0, -0.0056168023, 0.0, 1594672725327
-0.01699996, 0.01699996, 0.071721435, 0.0, 0.0, 0.0, 1594672725427
0.018000007, -0.004999995, -0.018655658, 0.0, 0.0, 0.0, 1594672725526
-0.01700008, 0.01699996, 0.0432688, 0.0, 0.0, 0.0, 1594672725622
0.023000002, -0.018000007, -0.05234623, 0.0, 0.0, 0.0, 1594672725720
0.00999999, -0.028999925, -0.052469134, 0.0, 0.0, 0.0, 1594672725816
0.0070000887, -0.003000021, -0.016493917, 0.0, 0.0, 0.0, 1594672725915
-0.016000032, 0.03400004, 0.05070126, 0.0, 0.0, 0.0, 1594672726012
0.0039999485, -0.018000007, -0.020859718, 0.0, 0.0, 0.0, 1594672726110
-0.018000007, 0.00999999, 0.061828017, 0.0, 0.0, 0.0, 1594672726207
0.00999999, -0.014999986, -0.013634443, 0.0, 0.0, 0.0, 1594672726353
-0.021999955, 0.023000002, 0.049273133, 0.0, 0.0, 0.0, 1594672726450
0.016000032, -0.022000074, -0.034145355, 0.0, 0.0, 0.0, 1594672726547
-0.018000007, 0.01999998, 0.03917098, 0.0, 0.0, 0.0, 1594672726646
-0.0019999743, 0.009000063, 0.02683425, 0.0, 0.0, 0.0, 1594672726743
0.024999976, 0.0019999743, -0.007633209, 0.0, 0.0, 0.0, 1594672726843
0.00999999, -0.013999939, -0.035526633, 0.0, 0.0, 0.0, 1594672726938
-0.014999986, 0.020999908, 0.025894642, 0.0, 0.0, 0.0, 1594672727035
-0.013000011, 0.0070000887, 0.033178926, 0.0, 0.0, 0.0, 1594672727132
0.008000016, -0.004999995, -0.044364214, 0.0, 0.0, 0.0, 1594672727232
-0.006000042, 0.0029999018, 0.04312718, 0.0, 0.0, 0.0, 1594672727327
-0.008000016, 0.013000011, 0.008625388, 0.0, 0.0, 0.0, 1594672727426
-0.008999944, 0.008000016, 0.025725007, 0.0, 0.0, 0.0, 1594672727523
-0.0010000467, 0.004999995, 0.012145042, 0.0, 0.0, 0.0, 1594672727621
-0.0010000467, -0.031000018, -0.047571063, 0.0, 0.0, 0.0, 1594672727719
-0.008999944, -0.032999992, -0.09051418, 0.0, 0.0, 0.0, 1594672727815
-0.008000016, 0.012000084, 0.032897115, 0.0, 0.0, 0.0, 1594672727915
0.006000042, 0.007999897, 0.023579359, 0.0, 0.0, 0.0, 1594672728010
0.018999934, -0.01999998, -0.050284028, 0.0, 0.0, 0.0, 1594672728110
-0.0069999695, 0.019000053, 0.02594316, 0.0, 0.0, 0.0, 1594672728206
-0.008999944, 0.01699996, 0.048188567, 0.0, 0.0, 0.0, 1594672728352
-0.024000049, -0.042999983, -0.075362325, 0.0, 0.0, 0.0, 1594672728450
0.024999976, -0.013000011, -0.049072385, 0.0, 0.0, 0.0, 1594672728548
-0.008000016, 0.023000002, 0.036185503, 0.0, 0.0, 0.0, 1594672728645
0.01700008, -0.032999992, -0.03476298, 0.0, 0.0, 0.0, 1594672728741
-0.014000058, 0.008000016, 0.04604733, 0.0, 0.0, 0.016815314, 1594672728840
0.008000016, -0.045000076, 0.0028463602, 0.0, 0.0, 0.015658053, 1594672728937
-0.016000032, -0.058999896, -0.033562183, 0.0, 0.0, 0.010424325, 1594672729034
0.014999986, -0.035000086, 0.041202664, 0.0, 0.0, 0.0, 1594672729134
-0.018999934, -0.06099999, 0.043240547, 0.0, 0.0, 0.0, 1594672729229
0.037999988, 0.0010000467, 0.03164816, 0.0, 0.0, -0.006270645, 1594672729327
-0.008000016, -0.03000009, 0.042583823, 0.0, 0.0, -0.016669577, 1594672729425
-0.023000002, -0.029000044, 0.1498506, 0.0, 0.0, -0.020350294, 1594672729522
-0.013999939, -0.013999939, 0.11204028, 0.0, 0.0, -0.05707726, 1594672729620
-0.032000065, 0.0, 0.099823475, 0.0, 0.0, -0.008074335, 1594672729717
-0.013000011, 0.0020000935, 0.088579535, 0.0, 0.0, 0.0, 1594672729814
0.031000018, 0.003000021, 0.037715912, 0.0, 0.0, 0.0, 1594672729912
0.006000042, -0.03400016, 0.049543142, 0.008693699, 0.0, 0.0, 1594672730011
0.02699995, 0.018000126, 0.020908713, 0.008962393, 0.0, 0.0, 1594672730106
-0.004999995, -0.0020000935, 0.027181745, 0.0, 0.0, 0.0, 1594672730205
-0.037999988, 0.013000011, 0.005436301, 0.0, 0.0, 0.0, 1594672730350
0.027999997, -0.03699994, 0.012087345, 0.0, 0.0, 0.0, 1594672730448
0.0, 0.0039999485, 0.039417386, 0.0, 0.0, 0.0, 1594672730545
-0.011000037, -0.013999939, 0.055883408, 0.0, 0.0, 0.0, 1594672730643
0.011000037, -0.019000053, -0.004823208, 0.0, 0.0, 0.0, 1594672730741
-0.0010000467, 0.018000126, 0.0040353537, 0.0, 0.0, 0.0, 1594672730838
0.024000049, -0.029999971, -0.0011929274, 0.0, 0.0, 0.0, 1594672730935
-0.018000007, -0.007000208, 0.043761373, 0.0, 0.0, 0.0, 1594672731034
0.0069999695, -0.013999939, -0.025247693, 0.0, 0.0, 0.0, 1594672731130
-0.010999918, 0.0069999695, 0.02995038, 0.0, 0.0, 0.0, 1594672731228
-0.024000049, 0.009000063, -0.0030100346, 0.0, 0.0, 0.0, 1594672731326
0.011999965, -0.00999999, -0.021601915, 0.0, 0.0, 0.0, 1594672731423
-0.02699995, 0.042000055, -0.016320467, 0.0, 0.0, -0.0128572695, 1594672731521
0.06499994, 0.03699994, -0.06369257, 0.0, 0.0, -0.024801485, 1594672731617
0.02700007, 0.01699996, -0.079778194, 0.0, 0.0, -0.019661345, 1594672731715
0.01999998, 0.028000116, -0.0930233, 0.0, 0.0, -0.017260322, 1594672731813
-0.01699996, -0.039000034, -0.1331526, 0.0, 0.0, -0.007003337, 1594672731911
-0.029000044, -0.022000074, -0.12622976, 0.005868843, 0.0, 0.0041280747, 1594672732009
-0.011000037, 0.010999918, -0.108071566, 0.0016133352, 0.0, 0.014191342, 1594672732105
-0.01699996, 0.06800008, -0.0054525137, -0.009052488, -0.012951439, 0.045613553, 1594672732251
-0.01699996, 0.051, 0.011786699, 0.0, -0.002429147, 0.019078085, 1594672732350
0.010999918, 0.02700007, -0.05145824, 0.0, -0.026333539, 0.04003873, 1594672732447
-0.018000007, 0.014999986, -0.053299427, 0.0, 0.0, 0.0, 1594672732544
-0.0059999228, -0.026000023, -0.10665989, 0.0, 0.0, 0.0, 1594672732642
0.00999999, 0.016000032, -0.0073320866, 0.0, 0.0, 0.0, 1594672732739
0.006000042, 9.999275E-4, -0.021466374, 0.0, 0.0, 0.0, 1594672732837
0.010999918, 0.0070000887, -0.0012933016, 0.0, 0.0, 0.0, 1594672732934
0.024000049, -0.004999995, -0.0022586584, 0.0, 0.0, 0.0, 1594672733032
-0.014000058, -0.025000095, -0.074451685, 0.0, 0.0, 0.0, 1594672733130
0.009000063, 0.012000084, 0.004109621, 0.0, 0.0, 0.0, 1594672733227
0.0059999228, 9.999275E-4, 0.0048220158, 0.0, 0.0, 0.0, 1594672733324
0.018000007, 0.0010000467, 0.017964363, 0.0, 0.0, 0.0, 1594672733422
0.0010000467, -0.0010000467, 0.022592902, 0.0, 0.0, 0.0, 1594672733520
0.00999999, 0.0019999743, 0.01751864, 0.0, 0.0, 0.0, 1594672733617
-0.0019999743, -0.0029999018, -0.014496326, 0.0, 0.0, 0.0, 1594672733715
-0.027999997, 0.018999934, 0.01810062, 0.0, 0.0, 0.0, 1594672733812
0.011999965, 0.0019999743, 0.0046201944, 0.0, 0.0, 0.0, 1594672733910
0.0010000467, -0.008999944, -0.055076003, 0.0, 0.0, 0.0, 1594672734006
-0.019000053, 0.016000032, 0.048984885, 0.0, 0.0, 0.0, 1594672734153
-0.00999999, 0.0019999743, -0.005203128, 0.0, 0.0, 0.0, 1594672734251
-0.0069999695, 0.01999998, 0.05995941, 0.0, 0.0, 0.0, 1594672734349
-0.008000016, 0.00999999, 0.0689919, 0.0, 0.0, 0.0, 1594672734446
-0.0069999695, 0.016000032, 0.041798353, 0.0, 0.0, 0.0, 1594672734542
0.0019999743, 0.008999944, 0.024359703, 0.0, 0.0, 0.0, 1594672734640
0.031999946, -0.025999904, -0.11412799, 0.0, 0.0, 0.0, 1594672734737
0.011000037, -0.0040000677, -0.044825673, 0.0, 0.0, 0.0, 1594672734835
-0.008999944, -0.0019999743, -0.01396513, 0.0, 0.0, 0.0, 1594672734933
0.024999976, -0.021000028, -0.025793076, 0.0, 0.0, 0.01480755, 1594672735034
-0.011999965, -0.01999998, 0.0128798485, 0.0, 0.0, 0.01794, 1594672735128
-0.0050001144, -0.027999997, 0.07698786, 0.0, 0.0, 0.015240119, 1594672735225
0.01700008, -0.03400004, 0.08134949, 0.0072824447, 0.014338459, 0.03747617, 1594672735323
0.011999965, -0.0149998665, 0.039774656, 0.0, 0.0, -0.002992926, 1594672735421
-0.00999999, -0.016000032, 0.008553505, 0.0, 0.0, 0.0, 1594672735518
-0.023000002, -0.042000055, 0.088710666, 0.0, 0.0, 0.0, 1594672735614
0.04400003, 0.020999908, 0.04074216, 0.0, 0.0038410644, -0.025744865, 1594672735712
0.02699995, -0.0149998665, 0.119297385, 0.0, 0.0, -0.030550744, 1594672735810
0.01000005, 0.003000021, 0.17696965, 0.0, 0.0, -0.029511528, 1594672735908
0.009000003, 0.04099989, 0.0052962303, 0.0, 0.0, 0.0, 1594672736006
-0.032000065, -0.012000084, -0.04794073, 0.011608593, -0.0024749946, 0.00952151, 1594672736152
0.013000011, 0.024000168, -0.064492464, 0.0, 0.0, 0.0, 1594672736249
-0.023000002, -0.025000095, 1.01566315E-4, 0.0, 0.0, 0.0, 1594672736347
-0.018000007, -0.019000053, 0.05602026, 0.0, 0.0, 0.0, 1594672736444
-0.026000023, -0.027999878, 0.054203987, 0.0, 0.0, 0.0, 1594672736543
-0.03999996, 0.010999918, -0.009159207, 0.0, 0.0, 0.0, 1594672736639
0.0040000677, 0.0, 0.01216805, 0.0, 0.0, 0.0, 1594672736736
-0.03000009, 0.013000011, -0.006566286, 0.0, 0.0, 0.0, 1594672736833
0.014000058, 0.011000156, -0.008313179, 0.0, 0.0, 0.0, 1594672736932
0.069000006, 0.045999885, 0.04533732, 0.0, 0.0, 0.0, 1594672737029
-0.03400004, -0.011999965, 0.017067432, 0.0, 0.0, 0.0, 1594672737126
-0.013000011, -0.032000065, -0.016586542, 0.0, 0.0, 0.0, 1594672737224
-0.03999996, -0.0039999485, 0.0066826344, 0.0, 0.0, 0.0, 1594672737321
-0.019000053, 0.013000011, 0.0013365746, 0.0, 0.0, -0.001606744, 1594672737419
0.004999995, -0.039000034, -0.0444113, 0.0, 0.0, -0.036727294, 1594672737517
0.06099999, 0.016000032, -0.07453692, 0.0, 0.0, -0.07836142, 1594672737615
-0.02699995, -0.045000076, -0.13523507, 0.0, -0.0089220535, -0.21567406, 1594672737711
0.004999995, 0.0010001659, -0.04791224, 0.0, -0.0343918, -0.019954387, 1594672737810
-0.00999999, 0.061999798, -0.03559172, -0.0027937288, -0.023380373, -0.05449278, 1594672737907
-0.003000021, 0.060000062, 0.014780283, 0.0, -0.04815968, 0.056539632, 1594672738053
-0.003000021, 0.024000049, -0.081351876, 0.006395374, -0.0709642, 0.09185793, 1594672738150
-0.0039999485, 0.04400003, -0.011641979, 0.0, 0.0, 0.0, 1594672738248
0.024000049, -0.008000016, -0.090328455, 0.0, 0.0, 0.0, 1594672738345
0.0059999228, 0.0059999228, -0.048065662, 0.0, 0.0, 0.0, 1594672738444
-9.999275E-4, 0.011000037, -0.026613116, 0.0, 0.0, 0.0, 1594672738541
0.01699996, -0.00999999, -0.049322605, 0.0, 0.0, 0.0, 1594672738638
0.011999965, 0.0010000467, -0.03986454, 0.0, 0.0, 0.0, 1594672738735
0.006000042, -0.009000063, -0.009973049, 0.0, 0.0, 0.0, 1594672738833
0.006000042, 0.00999999, 0.0030053854, 0.0, 0.0, 0.0, 1594672738930
0.0069999695, -0.01999998, -0.029398918, 0.0, 0.0, 0.0, 1594672739027
-0.0010000467, 0.011999965, -0.0028797388, 0.0, 0.0, 0.0, 1594672739126
0.013000011, 0.0070000887, 0.030424118, 0.0, 0.0, 0.0, 1594672739223
0.01699996, -0.011000037, -0.019915223, 0.0, 0.0, 0.0, 1594672739320
0.003000021, 0.0069999695, 0.017017007, 0.0, 0.0, 0.0, 1594672739417
-0.011999965, 0.008000016, 0.01540339, 0.0, 0.0, 0.0, 1594672739515
-0.009000063, 0.011000037, 0.016080737, 0.0, 0.0, 0.0, 1594672739613
0.015000105, -0.003000021, -0.03878379, 0.0, 0.0, 0.0, 1594672739710
-0.0010000467, 0.013000011, -0.0127568245, 0.0, 0.0, 0.0, 1594672739808
-0.0010000467, -0.003000021, 0.0064487457, 0.0, 0.0, 0.0, 1594672739905
-0.0039999485, 0.01699996, 0.015289664, 0.0, 0.0, 0.0, 1594672740052
-0.0039999485, 0.0019999743, 0.030058026, 0.0, 0.0, 0.0, 1594672740149
0.013999939, 0.003000021, -0.01598835, 0.0, 0.0, 0.0, 1594672740246
-0.004999995, 0.0020000935, 0.027802229, 0.0, 0.0, 0.0, 1594672740344
0.008000016, 0.0029999018, -0.027439594, 0.0, 0.0, 0.0, 1594672740441
-0.014999986, 0.036000013, 0.053512096, 0.0, 0.0, 0.0, 1594672740539
0.0019999743, -0.018000007, 0.022702336, 0.0, 0.0, 0.0, 1594672740637
-0.039000034, 0.0, 0.043540478, 0.0, -0.009664496, 0.016051058, 1594672740735
0.0010000467, -0.044999957, 0.009498, -0.015268766, -0.026053807, 0.0, 1594672740833
-0.009000063, -0.100000024, -0.001100421, 0.0, -0.017133692, -0.04170165, 1594672740930
-0.048999906, -0.10099995, -0.012879729, 0.015552163, -0.031433, -0.034480397, 1594672741027
0.051, 0.013999939, 0.06632018, 0.0, -0.0033923336, -0.04652832, 1594672741124
0.028999925, -0.0149998665, 0.24356961, 0.0, -0.0016051178, -0.08034701, 1594672741222
0.024999976, -0.03400016, 0.1327833, 0.0, 0.0, -0.03247253, 1594672741318
-9.999275E-4, -0.0069999695, 0.096051216, 0.0, 0.0, -0.072136745, 1594672741417
-0.0040000677, -0.01699996, 0.066637635, 0.0, -0.008379368, -0.0146679, 1594672741515
-0.031999946, 0.02399993, 0.05326104, 0.0056515834, 0.0, 0.0, 1594672741612
0.0019999743, -0.021999836, 0.026652217, 0.0, 0.0, 0.0, 1594672741711
-0.008000016, 0.0, 0.075330496, 0.0, 0.0, 0.0032483574, 1594672741806
-0.008999944, 0.023000002, 0.0104163885, 0.0, 0.0, 0.0, 1594672741954
-0.012000084, 0.010999918, 0.0080833435, 0.0, 0.0, 0.0, 1594672742050
0.011000037, -0.010999918, 0.03761673, 0.0, 0.0, -0.002530079, 1594672742148
0.069000006, 0.06699991, 0.014029264, 0.0, 0.0, -0.008338864, 1594672742246
-0.024999976, -0.02399993, 0.0014736652, 0.0, 0.0, 0.0016927582, 1594672742344
0.011999965, -0.007000208, 0.109956026, 0.0, 0.0, 0.0, 1594672742440
-0.042999983, 0.028000116, -0.0020086765, 0.0, 0.0, 0.0, 1594672742540
0.0, -0.013999939, -0.027401805, 0.0, 0.0, 0.0, 1594672742636
-0.026000023, 0.0089998245, -0.036480308, 0.0, 0.0, 0.0, 1594672742733
-0.003000021, -0.0069999695, 0.09270388, 0.0, 0.0, 0.0, 1594672742831
-0.020999908, -0.030999899, -0.0014592409, 0.0, 0.0, 0.0, 1594672742928
0.01999998, -0.032000065, -0.012291789, 0.0, 0.0, 0.0, 1594672743027
0.03999996, -0.022000074, -0.036458373, 0.0, 0.0, 0.0, 1594672743122
-0.026000023, -0.007999897, 0.013708353, 0.0, 0.0, -0.0066420073, 1594672743221
-0.008999944, -0.012000084, -9.2995167E-4, 0.0, 0.0, -0.031452447, 1594672743320
-0.009000063, -0.0149998665, -0.08089554, 0.0, 0.0, -0.031200755, 1594672743416
-0.02399993, -0.021000147, -0.186939, 0.0, -0.0059037907, -0.05462513, 1594672743513
-0.011000037, 0.016000032, -0.16046274, 0.002612228, 0.0, -0.043763377, 1594672743610
0.026000023, 0.05100012, -0.09733987, 0.0, -0.016269585, 0.0, 1594672743707
-0.0069999695, 0.075999975, -0.102468014, -0.0015893346, -0.03848598, -0.0029923012, 1594672743805
-0.008000016, 0.08200002, -0.04189515, 0.0050320253, -0.01602225, -0.13053164, 1594672743952
0.014999986, 0.046000004, -0.02427268, 0.0, -0.009757419, 0.009988395, 1594672744049
-0.031000018, -0.032999992, 0.06514764, 0.0, -0.008479351, -0.008445291, 1594672744147
0.023000002, 0.021999955, -0.12528145, 0.0, 0.0, 0.0067858216, 1594672744245
0.044999957, 0.052999973, -0.062413454, 0.0, -0.0020698751, 0.0, 1594672744342
0.019000053, 0.035000086, 0.0055173635, 0.0, -0.003338958, -0.0031371617, 1594672744438
0.016000032, 0.020999908, -0.018269062, 0.0, 0.0, 0.0, 1594672744537
0.004999995, 0.014000058, 0.005346298, 0.0, 0.0, 0.0, 1594672744634
0.021000028, 0.016000032, -0.035930753, 0.0, 0.0, 0.0, 1594672744732
-0.0020000935, 0.0069999695, -0.021186113, 0.0, 0.0, -0.012055993, 1594672744830
0.011000037, 0.013999939, -0.0038261414, 0.0, 0.0, 0.0, 1594672744927
0.010999978, 0.00999999, -7.6520443E-4, 0.0, 0.0, 0.0, 1594672745025
-0.004999995, 0.012000084, 0.022846937, 0.0, 0.0, 0.0, 1594672745121
0.007000029, -0.0040000677, -0.005430579, 0.0, 0.0, 0.0, 1594672745219
0.020999968, -0.00999999, -0.036086082, 0.0, 0.0, 0.0, 1594672745316
-0.012999952, -9.999275E-4, 0.0067828894, 0.0, 0.0, 0.0, 1594672745413
0.008999944, -0.006000042, -0.007643461, 0.0, 0.0, 0.0, 1594672745511
0.01700002, -0.009000063, -0.026528716, 0.0, 0.0, 0.0, 1594672745610
-0.027999997, 0.032999992, 0.06969416, 0.0, 0.0, 0.0, 1594672745707
-0.015999973, 0.01700008, 0.05893886, 0.0, 0.0, 0.0, 1594672745852
0.00999999, -0.014000058, -0.0382123, 0.0, 0.0, 0.0, 1594672745950
-0.004999995, -0.008999944, -6.4241886E-4, 0.0, 0.0, 0.0, 1594672746048
-0.023000002, 0.018999934, 0.04487145, 0.0, 0.0, 0.0, 1594672746145
0.013999939, -0.010999918, -0.039025664, 0.0, 0.0, 0.0, 1594672746244
-0.018000007, -0.019000053, -0.0148050785, 0.0, 0.0, 0.0021867894, 1594672746341
-0.0019999743, -0.027999997, -0.042398453, 0.0, -0.0183465, 0.02469641, 1594672746439
-0.014999986, -0.044999957, -0.018418908, -0.008227854, -0.06421689, 0.06391678, 1594672746536
0.0, -0.06300008, 0.0015329123, -0.005078193, -0.015704703, 0.024966989, 1594672746634
-0.01699996, -0.06099999, 0.0123131275, 0.013084924, -0.009905036, 0.007894209, 1594672746730
0.01999998, -0.01999998, 0.037883878, 0.0016730974, 0.002719362, -0.0020595042, 1594672746829
-0.049000025, -0.07099998, -0.018011332, 0.002016924, 0.0, -0.003370461, 1594672746926
0.07300007, 0.05100012, 0.14007187, 0.0, 0.0, -0.009731192, 1594672747022
-0.026000023, -0.010000229, 0.18796062, 0.0, 0.0, -0.02810323, 1594672747122
-0.019000053, -0.03999996, 0.1742127, 0.0, 0.0, -0.040925875, 1594672747220
-0.011999965, -0.007999897, 0.16502786, 0.0, 0.0, -0.101936996, 1594672747315
-0.013000011, -0.028000116, 0.14139295, 0.0, 0.0, 0.0, 1594672747413
-0.0039999485, -0.049000025, 0.030278563, 0.0, 0.0, 0.0057459567, 1594672747511
-0.019000053, 0.02000022, 0.0069066286, 0.0, 0.0, 0.017680917, 1594672747607
0.021000028, -0.029000044, 0.023845077, 0.0, 0.0, 0.0, 1594672747705
0.026000023, 0.032999992, 0.0077689886, 0.0, 0.0, -0.0034557998, 1594672747853
-0.009000063, -0.025000095, 0.06324494, 0.0, 0.0, -0.008647401, 1594672747949
0.032999992, 0.03699994, -0.013621569, 0.0, 0.0, 0.0, 1594672748046
-0.036000013, -0.017999887, 0.05127573, 0.0, 0.0, 0.0, 1594672748145
-0.02699995, -0.032000065, -0.005744934, 0.0, 0.0, 0.0, 1594672748242
9.999275E-4, -0.029000044, -0.03414893, 0.0, 0.0, 0.0, 1594672748339
-0.0029999018, -0.0059998035, -0.03382969, 0.0, 0.0, 0.0, 1594672748436
-0.021000028, 0.0039999485, 0.055234075, 0.0, 0.0, 0.0, 1594672748534
-0.003000021, -0.013999939, -0.004953265, 0.0, 0.0, 0.0, 1594672748632
-0.029999971, 0.025999784, -9.906292E-4, 0.0, 0.0, 0.0, 1594672748729
-0.0010000467, -0.01699996, -0.01919818, 0.0, 0.0, 0.0, 1594672748827
0.018000007, 0.0050001144, 0.013160467, 0.0, 0.0, 0.0, 1594672748924
0.026000023, 0.042999983, -0.023367882, 0.0, 0.0, -0.0015392326, 1594672749022
-0.01699996, 0.02699995, -0.012365699, 0.0, 0.0, -0.032430485, 1594672749119
0.041999936, 0.023000002, -0.08598709, 0.0, 0.0, -0.020111898, 1594672749215
0.022000074, 0.008000135, -0.11417496, 0.0, 0.0, -0.035099432, 1594672749314
-0.019000053, -0.029000044, -0.16381514, 0.0, 0.0, -0.040042236, 1594672749412
0.008999944, 0.024999857, -0.1007545, 0.0, 0.0, -0.01998858, 1594672749509
-0.010999918, 0.048000097, -0.06315327, 0.005662228, -0.036084034, -0.0073691797, 1594672749607
-0.023000002, 0.06499994, -0.033156753, -0.016818628, -0.052907944, -0.07977683, 1594672749753
0.010999918, 0.046000004, -0.071676016, 0.0028704475, -0.029848706, -0.015954098, 1594672749851
0.018000007, 0.06500006, 0.009855628, 0.0, 0.0, 0.0050762612, 1594672749948
0.009000063, 0.018999934, -0.0560441, 0.0, 0.0, 0.0, 1594672750047
9.999275E-4, -0.010999918, -0.11020887, 0.0, 0.0, -0.008675369, 1594672750146
0.01000011, 0.041999936, -0.013306618, 0.0, -0.0037295301, 0.0, 1594672750241
0.024999976, 0.01700008, -0.034661412, 0.0, 0.0, 0.0, 1594672750339
0.0039999485, 0.042999983, 0.02406776, 0.0, -0.0043221163, 0.0, 1594672750435
0.003000021, 0.025999904, 0.022813559, 0.0, 0.0, 0.0, 1594672750533
-0.003000021, 0.0200001, 0.015562773, 0.0, 0.0, 0.0, 1594672750631
0.00999999, -0.00999999, -0.023887515, 0.0, 0.0, 0.0, 1594672750728
-0.008000016, 0.010999918, 0.0022224188, 0.0, 0.0, 0.0, 1594672750825
-0.018999934, -0.037999988, -0.088555455, 0.0, 0.0, 0.0, 1594672750922
0.01699996, -0.013000011, -0.022711039, 0.0, 0.0, 0.0, 1594672751020
0.013000011, 0.012000084, 4.5776367E-4, 0.0, -0.0014909387, 0.0012273024, 1594672751118
-0.014999986, -0.023000002, -0.008153796, 0.0, -0.021134794, 0.018247887, 1594672751219
-0.034999967, -0.004999995, 0.06371951, 0.0, 0.0, 0.017039565, 1594672751313
-0.003000021, -0.079000115, -0.017663956, -0.008526015, 0.0, 0.023837404, 1594672751411
-0.008000016, -0.04099989, 0.04069972, -0.016587012, 0.01049903, 0.07569654, 1594672751508
-0.023000002, -0.08200002, -0.046999335, 0.0015790839, 0.0, 0.0, 1594672751604
0.034999967, -0.011000037, 0.049600005, 0.0, 0.010379363, -0.011478035, 1594672751751
0.0020000935, 0.00999999, 0.08321571, 0.0, 0.0, -0.0037430981, 1594672751851
-0.03400004, -0.0069999695, 0.15939176, 0.0, 0.0, -0.036611766, 1594672751947
-0.009000063, -0.045000076, 0.12620068, 0.0, 0.0, -0.06468362, 1594672752044
0.06300008, 0.026000023, 0.065176845, 0.0, -0.009437217, -0.121158026, 1594672752190
0.015999913, -0.022000074, 0.0072669983, 0.0, 0.0, -0.007120999, 1594672752239
0.02700007, 0.016000032, -0.02612245, 0.0, 0.0020393722, -0.0166521, 1594672752337
-0.06099999, -0.04099989, -0.10789406, 0.0, 0.017769402, -0.031828806, 1594672752434
-0.022000074, -0.012000084, -0.105213046, -0.0028466578, 0.0, 0.023663117, 1594672752532
0.0, 0.029999971, -0.051775217, -0.006127779, -0.036476597, 0.0021765246, 1594672752630
-0.010999918, 0.029999971, -0.022790313, 0.004153083, -0.029547377, -0.034761105, 1594672752727
-0.022000074, 0.036000133, 0.038394213, 0.0, -0.0381066, -0.023573784, 1594672752825
0.0020000935, -0.019000053, -0.039606452, -0.0021534832, -0.036957208, 0.0, 1594672752920
-0.01700008, -0.054999948, -0.029921293, 0.0, 0.0, 0.021615436, 1594672753020
0.013000011, -0.032999992, 6.927252E-4, 0.0, 0.0, 0.0, 1594672753117
-0.024999976, -0.05100012, 0.033138514, 0.0, 0.0, -0.0034038625, 1594672753215
0.024999976, 0.008000135, 0.053308487, 0.0, 0.0, -0.022451868, 1594672753311
-0.036000013, 0.024999857, 0.14615202, 0.0, 0.0, -0.008755789, 1594672753410
-0.028999925, 0.016000032, 0.13398159, 0.0, 0.0, -0.019351268, 1594672753506
0.0069999695, -0.006000042, 0.11066663, 0.0, -0.011143634, -0.14622788, 1594672753653
0.092999935, 0.06000018, 0.102378845, 0.0, 0.0, -0.04583637, 1594672753751
-0.0069999695, -0.028000116, 0.00564301, -0.0014237975, 0.0, -0.024618736, 1594672753848
0.0010000467, -0.006000042, -0.03294766, 0.0, 0.0040494283, -0.010823328, 1594672753946
-0.024000049, -0.0149998665, -0.13142478, -0.0033693516, 0.0, 0.003494499, 1594672754042
-0.01999998, 0.029999971, -0.067983866, -0.010499929, -0.016794434, 0.009082463, 1594672754140
-0.024999976, 0.052999973, -0.017413259, -0.003557372, -0.035295404, 0.0072511937, 1594672754237
-0.013000011, 0.042000055, -0.0019328594, 0.0, -0.11359642, -0.042669572, 1594672754337
-0.011000037, 0.03399992, 0.01114738, 0.0053263544, -0.17488025, -0.132045, 1594672754433
0.01999998, -0.016000032, -0.02436161, -0.0026777147, -0.027933879, 0.017505828, 1594672754531
0.026000023, -0.059999943, -0.036373496, 0.0019796102, -0.004564497, 0.018353708, 1594672754627
-0.0039999485, -0.065999985, -0.06894541, 0.0, 0.0, 0.0, 1594672754725
-0.009000063, -0.049999952, 0.0312109, 0.0, -0.0030100485, -0.026089115, 1594672754821
0.052000046, 0.032999992, 0.06845999, 0.0, 0.0, -0.0190179, 1594672754920
