0.9746446, 0.15057334, 1.7872003, 49, 1594395472916
1.0190457, 0.15286477, 1.9571352, 52, 1594395473013
0.9886, 0.14339998, 1.8485999, 51, 1594395473160
0.96712303, 0.15613903, 1.7774887, 52, 1594395473260
0.9235914, 0.24078804, 1.6871575, 78, 1594395473356
0.8991145, 0.06293861, 1.669357, 51, 1594395473453
0.8641987, 0.10699865, 1.6133885, 49, 1594395473551
0.785986, 0.17556049, 1.4305047, 49, 1594395473648
0.8988001, 0.17580001, 1.7088001, 50, 1594395473748
1.0395999, 0.15179999, 1.9588001, 50, 1594395473846
1.0229999, 0.13700001, 1.9578998, 48, 1594395473946
1.0954001, 0.138, 2.1136003, 48, 1594395474040
1.1301224, 0.15194364, 2.1827474, 48, 1594395474135
1.2137853, 0.15622193, 2.3577394, 52, 1594395474233
1.1036958, 0.16547823, 2.1362548, 52, 1594395474331
0.961404, 0.19459803, 1.8901889, 51, 1594395474430
0.96040726, 0.16018854, 1.8590523, 51, 1594395474526
1.0383353, 0.10802605, 2.0041094, 50, 1594395474626
1.0884433, 0.10795812, 2.1198378, 50, 1594395474722
1.1300001, 0.11679995, 2.2112, 51, 1594395474819
1.1492, 0.099400006, 2.2773, 50, 1594395474918
1.2150098, 0.08439187, 2.4278495, 50, 1594395475013
1.137686, 0.09712243, 2.2863305, 49, 1594395475160
1.2420267, 0.111351945, 2.482344, 52, 1594395475258
1.1376009, 0.111998454, 2.2673945, 52, 1594395475354
0.99280006, 0.13659999, 2.0323, 49, 1594395475455
0.9830362, 0.14988555, 1.9376181, 50, 1594395475551
1.0652, 0.1568, 2.0866003, 52, 1594395475650
1.0790001, 0.09060001, 2.1402, 49, 1594395475747
1.1201563, 0.12693062, 2.241875, 51, 1594395475845
1.1490722, 0.100316264, 2.3080637, 50, 1594395475943
1.1346003, 0.10459973, 2.2592986, 51, 1594395476038
1.1542362, 0.08134991, 2.2951386, 50, 1594395476136
1.2638874, 0.06813446, 2.527986, 52, 1594395476234
1.1348891, 0.104333535, 2.2593255, 53, 1594395476330
1.0168, 0.116, 2.0249, 51, 1594395476427
1.0246452, 0.10608298, 2.0407166, 52, 1594395476525
0.97179997, 0.0712, 1.9226, 48, 1594395476625
1.017155, 0.10101753, 2.000707, 49, 1594395476720
1.0857469, 0.12212347, 2.158703, 51, 1594395476820
1.1097943, 0.11101453, 2.116097, 53, 1594395476914
1.035, 0.10239999, 1.9925001, 52, 1594395477064
0.9167582, 0.13391432, 1.7864026, 49, 1594395477158
0.9687357, 0.16407937, 1.8736122, 93, 1594395477255
0.9305999, 0.13620028, 1.8166996, 50, 1594395477355
1.0088228, 0.113960266, 1.8891551, 51, 1594395477454
0.90444154, 0.17351702, 1.7341073, 50, 1594395477551
0.8914001, 0.14099997, 1.6424997, 46, 1594395477647
1.0195999, 0.186, 1.9668001, 48, 1594395477746
0.9981536, 0.18353623, 1.8419359, 48, 1594395477841
1.1558, 0.18180001, 2.1835997, 51, 1594395477942
1.032, 0.2116, 1.9175, 50, 1594395478039
1.0214193, 0.1906005, 2.0211616, 50, 1594395478135
1.024206, 0.17859481, 1.9745364, 50, 1594395478232
1.0748, 0.13700001, 2.0026002, 51, 1594395478332
0.9577934, 0.19078057, 1.8035316, 50, 1594395478428
0.9676, 0.16780001, 1.8472999, 49, 1594395478526
0.9636, 0.1734, 1.7676, 48, 1594395478621
0.9522, 0.1682, 1.8176, 47, 1594395478720
1.0774584, 0.19113065, 2.1176434, 49, 1594395478817
1.1085999, 0.1776, 2.1014, 51, 1594395478965
0.998, 0.2, 1.8625001, 49, 1594395479062
1.0151966, 0.17881177, 1.9158674, 49, 1594395479157
1.0098, 0.1908, 1.9538, 49, 1594395479257
0.9940001, 0.17040001, 1.9455001, 47, 1594395479354
1.119616, 0.19038437, 2.1630976, 51, 1594395479453
1.0342318, 0.19154505, 2.018678, 51, 1594395479548
0.935001, 0.21379869, 1.8327967, 50, 1594395479647
1.0040222, 0.18557721, 1.8910831, 52, 1594395479745
0.8820032, 0.16639665, 1.6430688, 49, 1594395479843
1.031, 0.1626, 1.9735999, 49, 1594395479941
0.9984442, 0.16295187, 1.8418564, 49, 1594395480034
1.0528007, 0.14679897, 2.0225954, 48, 1594395480132
1.2002218, 0.16378027, 2.2860134, 52, 1594395480230
1.0782053, 0.1603906, 2.0637758, 49, 1594395480327
1.017, 0.1448, 1.8747, 46, 1594395480428
1.0628002, 0.19039999, 2.0466, 48, 1594395480525
1.1620086, 0.19619268, 2.2141593, 50, 1594395480621
1.1666, 0.15020001, 2.2682, 49, 1594395480721
1.0589999, 0.21059999, 2.1067002, 50, 1594395480817
1.0988114, 0.16797413, 2.1039386, 51, 1594395480964
0.98020005, 0.20859998, 1.9097999, 50, 1594395481061
1.0344, 0.24200001, 1.9350001, 81, 1594395481158
0.91224617, 0.08433171, 1.7373445, 48, 1594395481257
0.9698, 0.09819999, 1.8320999, 48, 1594395481352
1.0662262, 0.1495022, 2.0760834, 51, 1594395481449
1.0735999, 0.119, 2.0448, 50, 1594395481546
1.0778, 0.1142, 2.1012, 50, 1594395481646
1.0648, 0.105, 2.031, 49, 1594395481743
0.95943856, 0.14277028, 1.83624, 48, 1594395481838
1.0822268, 0.15662523, 2.0552862, 49, 1594395481936
1.0122, 0.15, 1.9878, 47, 1594395482037
1.1650001, 0.1818, 2.2851, 52, 1594395482134
1.0048, 0.16300002, 1.9559001, 47, 1594395482231
1.1124119, 0.17779094, 2.175432, 48, 1594395482327
1.13302, 0.18576355, 2.2394867, 51, 1594395482423
0.9948122, 0.19359149, 1.9484191, 49, 1594395482521
1.1269999, 0.1736, 2.2159002, 51, 1594395482620
1.043211, 0.1779764, 2.0111344, 51, 1594395482719
0.9833895, 0.15042198, 1.9349512, 48, 1594395482816
1.0930245, 0.16072032, 2.144139, 51, 1594395482962
0.9680134, 0.20755264, 1.9354212, 51, 1594395483060
1.0180172, 0.15658893, 1.9638083, 52, 1594395483156
0.9748495, 0.14105956, 1.8860348, 50, 1594395483253
0.9276396, 0.1846856, 1.7869622, 51, 1594395483349
0.8176, 0.1928, 1.5677, 48, 1594395483449
1.016, 0.18859999, 1.9839, 52, 1594395483548
0.86439997, 0.1876, 1.7135, 47, 1594395483645
0.95420367, 0.21479475, 1.9304649, 49, 1594395483741
1.0776083, 0.19159028, 2.1840196, 50, 1594395483838
1.0878372, 0.18057606, 2.1205056, 51, 1594395483937
1.0320008, 0.16899951, 1.998496, 51, 1594395484035
0.89339995, 0.19260001, 1.7201, 49, 1594395484132
0.98139995, 0.19600001, 1.9276999, 50, 1594395484230
1.1326388, 0.136762, 2.218508, 50, 1594395484327
0.9958859, 0.20894296, 1.9770184, 51, 1594395484425
0.96080035, 0.16159959, 1.8356981, 48, 1594395484522
1.1288321, 0.15331046, 2.185337, 51, 1594395484620
0.98679996, 0.196, 1.9250998, 49, 1594395484718
1.0766637, 0.15922607, 2.069478, 51, 1594395484864
0.98639995, 0.1802, 1.8339001, 49, 1594395484960
1.0350776, 0.24110942, 1.9761289, 82, 1594395485059
0.8956008, 0.1047996, 1.7495954, 49, 1594395485155
1.0726684, 0.08623968, 2.0697818, 51, 1594395485251
0.99800766, 0.13117854, 1.9353532, 51, 1594395485349
0.9502, 0.148, 1.8387, 50, 1594395485448
0.89841473, 0.17658716, 1.7174002, 49, 1594395485544
0.9644325, 0.15535292, 1.7926615, 50, 1594395485642
0.87222475, 0.20217693, 1.6435052, 49, 1594395485741
0.9635962, 0.17961764, 1.8518775, 50, 1594395485836
0.94323975, 0.18752548, 1.795339, 51, 1594395485934
0.91279995, 0.18920001, 1.7138001, 50, 1594395486032
0.8528233, 0.21959364, 1.6315726, 48, 1594395486129
0.8638, 0.23840001, 1.599, 50, 1594395486226
1.0394, 0.17519999, 1.9976001, 51, 1594395486326
0.8832191, 0.21198626, 1.6906528, 49, 1594395486422
1.0663999, 0.1884, 2.0775, 51, 1594395486522
0.9868, 0.2018, 1.9126, 51, 1594395486619
0.92939997, 0.1984, 1.7963, 49, 1594395486716
0.90660006, 0.21640001, 1.7265999, 50, 1594395486863
0.98443395, 0.19111285, 1.9502116, 52, 1594395486959
0.9406025, 0.19259569, 1.8293837, 52, 1594395487056
0.9779999, 0.1306, 1.8778, 50, 1594395487155
0.8364429, 0.19129296, 1.6244192, 49, 1594395487250
0.93619996, 0.16559999, 1.8311, 48, 1594395487350
1.1232262, 0.15975118, 2.1837497, 52, 1594395487446
1.0332, 0.185, 2.0033, 52, 1594395487542
0.8744045, 0.19779484, 1.7124602, 50, 1594395487641
1.0610466, 0.16736121, 2.0859528, 52, 1594395487739
0.9866, 0.17420001, 1.9612, 52, 1594395487838
0.9374, 0.15659998, 1.8668001, 51, 1594395487934
0.8484, 0.1888, 1.6955001, 50, 1594395488031
0.84383786, 0.16974969, 1.6854328, 48, 1594395488129
1.0448008, 0.14959887, 2.0542963, 50, 1594395488226
0.9778316, 0.18852636, 1.9177289, 51, 1594395488325
0.9460002, 0.17959934, 1.835398, 50, 1594395488422
0.91040003, 0.2112, 1.7813, 51, 1594395488520
0.8834402, 0.19931915, 1.7293898, 50, 1594395488614
0.863, 0.2244, 1.6747, 50, 1594395488764
0.74640006, 0.2458, 1.4686999, 48, 1594395488859
0.93362916, 0.25070733, 1.8323756, 98, 1594395488957
0.9091798, 0.1973306, 1.7448251, 48, 1594395489054
1.0361999, 0.19519994, 2.0363991, 49, 1594395489152
0.9988, 0.18559998, 1.8817, 48, 1594395489253
1.1366, 0.18620001, 2.1680002, 51, 1594395489348
1.0658, 0.19139999, 2.0312, 51, 1594395489447
0.9996, 0.20879999, 1.9191, 51, 1594395489544
0.9739999, 0.1836, 1.8418999, 50, 1594395489641
0.83083516, 0.2072229, 1.5926228, 46, 1594395489736
1.0126202, 0.24457379, 1.975468, 52, 1594395489837
0.90799993, 0.213, 1.7345, 48, 1594395489934
1.0356001, 0.20219998, 2.0218, 49, 1594395490032
0.99522024, 0.1947731, 1.8652155, 49, 1594395490126
1.0843998, 0.19579999, 2.1253, 51, 1594395490227
1.1276001, 0.12740001, 2.174, 51, 1594395490322
1.0396, 0.1592, 2.0123, 51, 1594395490422
0.97319996, 0.181, 1.8851001, 50, 1594395490519
0.8464414, 0.23690948, 1.6080608, 50, 1594395490663
1.0380325, 0.19195797, 2.0098643, 52, 1594395490763
0.97020435, 0.19759001, 1.8811759, 52, 1594395490861
0.89124393, 0.19290538, 1.7644751, 51, 1594395490956
0.93100005, 0.1646, 1.8086, 84, 1594395491053
0.90522, 0.17922892, 1.7625356, 51, 1594395491150
0.7772, 0.2086, 1.5241, 49, 1594395491248
0.9128243, 0.21257742, 1.7927701, 51, 1594395491347
1.0018, 0.1694, 1.9772002, 50, 1594395491446
1.0802318, 0.14175679, 2.1107302, 50, 1594395491541
1.0612249, 0.13333221, 2.087978, 49, 1594395491638
1.1136004, 0.13439922, 2.1983974, 50, 1594395491738
1.1185999, 0.1104, 2.2236998, 49, 1594395491836
1.0510311, 0.13994214, 2.0990052, 50, 1594395491931
1.1324017, 0.13239804, 2.268389, 51, 1594395492028
1.159857, 0.080969185, 2.2925138, 51, 1594395492125
1.0594068, 0.13040061, 2.1071703, 52, 1594395492222
0.9689999, 0.1538, 1.9553, 52, 1594395492322
0.8754, 0.1884, 1.7962999, 51, 1594395492420
0.9024001, 0.1534, 1.8038001, 50, 1594395492518
0.93499994, 0.1446, 1.8232999, 50, 1594395492664
1.0078634, 0.122351155, 1.8899249, 52, 1594395492761
0.93060076, 0.17279887, 1.7792958, 91, 1594395492859
0.9427999, 0.092, 1.8025001, 52, 1594395492957
0.8934, 0.114400014, 1.7097, 51, 1594395493054
0.90305555, 0.1322299, 1.7273171, 52, 1594395493148
0.76820165, 0.16339847, 1.5385945, 49, 1594395493248
0.9884, 0.14440002, 1.9442999, 52, 1594395493345
0.8772, 0.17179999, 1.7538, 49, 1594395493445
0.8802628, 0.18933469, 1.7401086, 49, 1594395493541
1.0390155, 0.1571836, 2.0893195, 51, 1594395493636
0.9706, 0.1858, 1.9401, 52, 1594395493735
0.9068146, 0.18516405, 1.7835306, 52, 1594395493831
0.9218, 0.1508, 1.765, 51, 1594395493930
0.95540905, 0.13818495, 1.9079493, 51, 1594395494026
0.96262836, 0.1283055, 1.8501925, 51, 1594395494126
1.047003, 0.09319249, 2.0238857, 52, 1594395494223
0.9356072, 0.1287955, 1.8608667, 50, 1594395494320
0.9054261, 0.16757728, 1.8197664, 51, 1594395494417
0.88831294, 0.13681896, 1.6906525, 49, 1594395494563
1.0624001, 0.1362, 2.0429, 53, 1594395494663
0.9724251, 0.12183899, 1.9029586, 50, 1594395494761
0.92160034, 0.15479892, 1.8496977, 49, 1594395494857
0.9126, 0.16679999, 1.7077999, 49, 1594395494954
0.98520005, 0.1464, 1.9299998, 48, 1594395495052
1.0394258, 0.16798148, 2.043337, 48, 1594395495148
1.1944566, 0.16548486, 2.3414736, 52, 1594395495248
1.0656, 0.1702, 2.1126, 51, 1594395495343
1.0446, 0.16000001, 2.0393002, 51, 1594395495442
0.9780166, 0.1789678, 1.9133674, 51, 1594395495539
0.8906, 0.2082, 1.7788001, 51, 1594395495638
0.9234393, 0.17897439, 1.7869416, 51, 1594395495736
0.8964503, 0.18073948, 1.7451801, 51, 1594395495830
0.78399533, 0.1986117, 1.508574, 48, 1594395495928
0.95119995, 0.21419999, 1.8711, 51, 1594395496027
0.97760004, 0.1654, 1.8807001, 49, 1594395496125
0.9766345, 0.17870863, 1.8481659, 49, 1594395496220
1.0334002, 0.16339926, 1.8875982, 51, 1594395496319
0.9644438, 0.1843672, 1.8165591, 51, 1594395496417
0.84019995, 0.20519999, 1.5658998, 48, 1594395496563
0.94280005, 0.21980001, 1.8144, 49, 1594395496660
1.0528159, 0.2157868, 2.0804236, 97, 1594395496756
1.0776001, 0.15599999, 2.0823998, 52, 1594395496855
0.9426196, 0.1705797, 1.9086934, 50, 1594395496951
1.0086, 0.15400001, 1.9345001, 52, 1594395497051
0.86740005, 0.163, 1.64, 49, 1594395497147
1.051, 0.15500002, 2.0274, 51, 1594395497247
0.99640006, 0.18339999, 1.927, 53, 1594395497341
0.88579994, 0.1656, 1.6657, 50, 1594395497441
0.98260003, 0.1458, 1.9448, 48, 1594395497538
1.0632184, 0.14997046, 2.0884807, 51, 1594395497634
0.9718001, 0.1946, 1.8775, 51, 1594395497732
0.9902148, 0.15421969, 1.9323074, 51, 1594395497828
0.90505826, 0.15116502, 1.7494828, 48, 1594395497927
1.0616082, 0.15480895, 2.0577285, 50, 1594395498026
1.0538294, 0.16055267, 2.0443478, 51, 1594395498121
1.0067294, 0.18246934, 1.9125099, 52, 1594395498221
0.8867874, 0.19961756, 1.7678502, 51, 1594395498316
0.9372, 0.16659999, 1.7821, 50, 1594395498414
0.85703206, 0.17186554, 1.6221677, 48, 1594395498561
1.044245, 0.16646571, 2.031218, 52, 1594395498659
0.93180436, 0.20059858, 1.8164848, 51, 1594395498756
1.0092001, 0.14159998, 1.9581001, 52, 1594395498854
0.84720707, 0.16498582, 1.6683263, 49, 1594395498950
0.9889999, 0.1738, 2.0202, 50, 1594395499050
1.042, 0.13399999, 2.0211, 51, 1594395499148
0.9726119, 0.17016366, 1.8779216, 51, 1594395499243
0.8884001, 0.1836, 1.7561998, 49, 1594395499340
0.92319995, 0.20040001, 1.7672, 50, 1594395499441
0.9372, 0.1942, 1.7626, 50, 1594395499538
0.8684071, 0.1975875, 1.6082537, 48, 1594395499633
1.0181999, 0.20440002, 1.9808, 51, 1594395499734
1.0322243, 0.19215797, 1.9596878, 53, 1594395499828
0.9376, 0.15499999, 1.78, 49, 1594395499925
0.9872544, 0.18030076, 1.9588792, 52, 1594395500023
0.8816003, 0.19199854, 1.7667984, 50, 1594395500120
0.9722, 0.15879999, 1.9384999, 51, 1594395500220
0.9228, 0.18100001, 1.8367, 50, 1594395500317
0.80644405, 0.2151441, 1.602457, 48, 1594395500461
0.96943647, 0.19576252, 1.943906, 49, 1594395500559
0.9918, 0.191, 1.9411001, 51, 1594395500657
0.84583694, 0.22837308, 1.6787972, 49, 1594395500753
0.96, 0.2146, 1.9135001, 49, 1594395500852
0.98060995, 0.20498359, 1.9788529, 49, 1594395500949
1.0952, 0.1788, 2.2326, 50, 1594395501047
1.045631, 0.1961713, 2.065871, 51, 1594395501144
1.0328, 0.1426, 2.0363002, 48, 1594395501242
1.1564176, 0.15396522, 2.3185494, 51, 1594395501339
1.0696001, 0.17859998, 2.1346998, 52, 1594395501437
0.90425146, 0.17514218, 1.855261, 47, 1594395501534
1.0018005, 0.19179934, 1.9982977, 49, 1594395501633
1.0242095, 0.20617664, 2.1381452, 50, 1594395501730
1.0084033, 0.19640355, 2.0614588, 51, 1594395501827
0.9542269, 0.17956878, 1.9345782, 49, 1594395501928
0.979, 0.1962, 1.9512, 50, 1594395502023
0.9407999, 0.1702, 1.7971, 48, 1594395502122
1.0166, 0.17120002, 1.9806998, 49, 1594395502216
1.097, 0.16019998, 2.1767, 63, 1594395502317
1.0893481, 0.18474962, 2.2048903, 49, 1594395502463
1.0124, 0.1971998, 2.106199, 49, 1594395502559
1.062443, 0.19229539, 2.2315223, 48, 1594395502655
1.1384, 0.18940002, 2.3801003, 49, 1594395502754
