2.927, 2.136, 1.76, 58, 1592567870097
2.949, 2.118, 1.78, 52, 1592567870195
2.925, 2.145, 1.714, 60, 1592567870292
2.937, 2.096, 1.815, 49, 1592567870389
2.949, 2.096, 1.837, 51, 1592567870490
2.964, 2.103, 1.809, 55, 1592567870585
2.944, 2.116, 1.767, 61, 1592567870685
2.923, 2.135, 1.764, 58, 1592567870782
2.911, 2.082, 1.855, 48, 1592567870880
2.943, 2.08, 1.865, 51, 1592567870978
2.957, 2.056, 1.894, 50, 1592567871124
2.951, 2.08, 1.875, 54, 1592567871223
2.906, 2.122, 1.999, 96, 1592567871319
2.918, 2.132, 1.919, 57, 1592567871417
2.924, 2.108, 1.893, 56, 1592567871514
2.944, 2.079, 1.911, 50, 1592567871614
2.947, 2.111, 1.832, 58, 1592567871709
2.954, 2.12, 1.79, 57, 1592567871807
2.948, 2.066, 1.874, 48, 1592567871904
2.948, 2.041, 1.936, 49, 1592567871999
2.931, 2.081, 1.871, 59, 1592567872097
2.931, 2.109, 1.798, 60, 1592567872196
2.925, 2.129, 1.769, 58, 1592567872292
2.933, 2.068, 1.875, 49, 1592567872392
2.93, 2.05, 1.898, 52, 1592567872488
2.936, 2.035, 1.924, 50, 1592567872584
2.933, 2.091, 1.84, 58, 1592567872684
2.963, 2.093, 1.819, 53, 1592567872782
2.961, 2.067, 1.848, 52, 1592567872879
2.956, 2.055, 1.874, 52, 1592567873026
2.964, 2.035, 1.913, 50, 1592567873123
2.95, 2.039, 1.928, 51, 1592567873220
2.941, 2.021, 1.936, 53, 1592567873318
2.94, 2.018, 1.949, 51, 1592567873415
2.933, 2.007, 1.954, 53, 1592567873513
2.934, 2.067, 1.842, 57, 1592567873611
2.93, 2.109, 1.757, 57, 1592567873708
2.952, 2.074, 1.815, 50, 1592567873806
2.961, 2.056, 1.842, 52, 1592567873903
2.965, 2.051, 1.854, 52, 1592567874000
2.942, 2.027, 1.902, 51, 1592567874098
2.943, 1.991, 1.954, 49, 1592567874196
2.943, 1.981, 1.963, 51, 1592567874293
2.969, 2.009, 1.917, 53, 1592567874390
2.964, 2.018, 1.895, 56, 1592567874488
2.97, 2.002, 1.906, 52, 1592567874586
2.974, 2.005, 1.906, 52, 1592567874683
2.969, 2.015, 1.918, 51, 1592567874780
2.979, 2.016, 1.931, 50, 1592567874878
2.988, 2.078, 1.822, 54, 1592567875024
2.983, 2.027, 1.901, 49, 1592567875122
2.95, 2.087, 1.963, 90, 1592567875219
2.959, 2.127, 1.85, 56, 1592567875317
2.953, 2.102, 1.876, 52, 1592567875414
2.945, 2.072, 1.904, 52, 1592567875511
2.957, 2.112, 1.808, 56, 1592567875607
2.959, 2.109, 1.818, 53, 1592567875707
2.97, 2.078, 1.846, 51, 1592567875804
2.969, 2.065, 1.856, 53, 1592567875902
2.963, 2.119, 1.776, 58, 1592567875999
2.961, 2.093, 1.805, 54, 1592567876096
2.959, 2.076, 1.837, 52, 1592567876194
2.957, 2.105, 1.766, 59, 1592567876292
2.967, 2.058, 1.821, 50, 1592567876389
2.955, 2.111, 1.747, 58, 1592567876487
2.94, 2.069, 1.842, 47, 1592567876584
2.943, 2.05, 1.854, 54, 1592567876682
2.947, 2.086, 1.816, 56, 1592567876779
2.952, 2.071, 1.857, 50, 1592567876925
2.944, 2.048, 1.892, 51, 1592567877024
3.006, 2.119, 1.761, 70, 1592567877120
3.003, 2.1, 1.775, 54, 1592567877218
2.983, 2.141, 1.706, 57, 1592567877315
2.963, 2.164, 1.67, 61, 1592567877414
2.981, 2.127, 1.741, 51, 1592567877513
2.968, 2.142, 1.728, 57, 1592567877608
2.978, 2.128, 1.742, 54, 1592567877705
2.969, 2.149, 1.722, 57, 1592567877803
2.966, 2.175, 1.678, 58, 1592567877900
2.965, 2.141, 1.734, 52, 1592567877998
2.962, 2.105, 1.788, 52, 1592567878095
2.95, 2.054, 1.877, 48, 1592567878193
2.958, 2.036, 1.917, 50, 1592567878291
2.945, 2.08, 1.819, 59, 1592567878386
2.953, 2.058, 1.854, 51, 1592567878485
2.96, 2.096, 1.777, 58, 1592567878583
2.957, 2.073, 1.806, 54, 1592567878680
2.958, 2.114, 1.732, 56, 1592567878778
2.965, 2.14, 1.69, 58, 1592567878924
2.977, 2.162, 1.632, 52, 1592567879022
2.935, 2.18, 1.747, 88, 1592567879119
2.945, 2.198, 1.683, 55, 1592567879216
2.956, 2.217, 1.628, 53, 1592567879314
2.953, 2.226, 1.605, 59, 1592567879411
2.953, 2.157, 1.716, 49, 1592567879509
2.963, 2.191, 1.656, 53, 1592567879607
2.962, 2.206, 1.62, 57, 1592567879704
2.988, 2.178, 1.667, 52, 1592567879802
2.978, 2.127, 1.737, 53, 1592567879899
2.963, 2.162, 1.684, 58, 1592567879996
2.958, 2.179, 1.638, 57, 1592567880091
2.959, 2.195, 1.6, 55, 1592567880192
2.963, 2.125, 1.729, 49, 1592567880289
2.962, 2.151, 1.673, 56, 1592567880387
2.969, 2.124, 1.714, 54, 1592567880484
2.963, 2.159, 1.66, 56, 1592567880582
2.978, 2.112, 1.74, 51, 1592567880679
2.973, 2.151, 1.681, 56, 1592567880825
2.972, 2.134, 1.721, 54, 1592567880923
3.063, 2.22, 1.574, 61, 1592567881020
3.036, 2.226, 1.557, 56, 1592567881118
3.027, 2.212, 1.592, 55, 1592567881216
3.016, 2.222, 1.562, 54, 1592567881313
3.006, 2.17, 1.65, 52, 1592567881411
2.998, 2.122, 1.735, 50, 1592567881508
2.982, 2.096, 1.787, 52, 1592567881605
2.978, 2.055, 1.88, 49, 1592567881703
2.965, 2.104, 1.78, 56, 1592567881802
2.982, 2.14, 1.696, 53, 1592567881898
2.976, 2.114, 1.767, 50, 1592567881995
2.972, 2.149, 1.705, 57, 1592567882093
2.969, 2.185, 1.657, 57, 1592567882191
2.969, 2.15, 1.72, 52, 1592567882288
2.968, 2.139, 1.725, 56, 1592567882385
2.966, 2.162, 1.681, 59, 1592567882483
2.959, 2.183, 1.64, 57, 1592567882580
2.963, 2.201, 1.612, 57, 1592567882678
2.971, 2.142, 1.721, 50, 1592567882824
2.958, 2.086, 1.829, 48, 1592567882921
2.934, 2.134, 1.931, 92, 1592567883019
2.934, 2.096, 1.941, 52, 1592567883116
2.94, 2.085, 1.901, 57, 1592567883214
2.94, 2.066, 1.927, 50, 1592567883312
2.947, 2.042, 1.936, 51, 1592567883409
2.941, 2.035, 1.934, 53, 1592567883507
2.959, 2.042, 1.918, 51, 1592567883604
2.95, 2.025, 1.952, 49, 1592567883704
2.948, 2.077, 1.848, 58, 1592567883799
2.937, 2.054, 1.894, 50, 1592567883897
2.928, 2.101, 1.798, 58, 1592567883995
2.945, 2.121, 1.737, 68, 1592567884092
2.937, 2.141, 1.685, 59, 1592567884189
2.94, 2.088, 1.769, 50, 1592567884287
2.932, 2.119, 1.727, 60, 1592567884384
2.937, 2.082, 1.787, 52, 1592567884481
2.945, 2.054, 1.824, 52, 1592567884580
2.956, 2.037, 1.856, 51, 1592567884726
2.936, 2.08, 1.776, 60, 1592567884823
2.983, 2.13, 1.695, 71, 1592567884920
2.972, 2.106, 1.765, 51, 1592567885019
2.961, 2.106, 1.775, 56, 1592567885115
2.964, 2.05, 1.876, 50, 1592567885213
2.958, 2.04, 1.894, 52, 1592567885311
2.95, 2.033, 1.927, 50, 1592567885409
2.966, 2.03, 1.908, 53, 1592567885505
2.949, 2.029, 1.927, 52, 1592567885603
2.944, 2.016, 1.961, 49, 1592567885700
2.953, 2.013, 1.933, 54, 1592567885797
2.95, 1.996, 1.983, 49, 1592567885895
2.952, 2.004, 1.97, 52, 1592567885993
2.945, 1.984, 1.99, 50, 1592567886091
2.932, 2.052, 1.891, 59, 1592567886188
2.941, 2.053, 1.917, 49, 1592567886285
2.943, 2.037, 1.947, 49, 1592567886383
2.964, 2.061, 1.909, 52, 1592567886480
2.955, 2.096, 1.851, 57, 1592567886579
2.934, 2.116, 1.782, 62, 1592567886724
2.919, 2.13, 1.72, 60, 1592567886822
2.914, 2.136, 1.811, 85, 1592567886919
2.909, 2.162, 1.744, 60, 1592567887017
2.912, 2.121, 1.805, 51, 1592567887115
2.892, 2.07, 1.882, 50, 1592567887211
2.871, 2.047, 1.789, 71, 1592567887309
2.879, 2.077, 1.793, 55, 1592567887407
2.896, 2.056, 1.885, 49, 1592567887504
2.907, 2.046, 1.894, 53, 1592567887602
2.907, 2.085, 1.847, 57, 1592567887700
2.932, 2.093, 1.854, 51, 1592567887797
2.933, 2.072, 1.876, 52, 1592567887895
2.93, 2.107, 1.831, 57, 1592567887992
2.925, 2.137, 1.748, 57, 1592567888089
2.9, 2.085, 1.818, 54, 1592567888187
2.883, 2.125, 1.74, 60, 1592567888284
2.891, 2.1, 1.79, 53, 1592567888382
2.925, 2.105, 1.794, 52, 1592567888479
2.928, 2.121, 1.766, 58, 1592567888625
2.92, 2.145, 1.711, 60, 1592567888723
2.91, 2.085, 1.829, 47, 1592567888820
2.921, 2.069, 1.865, 50, 1592567888918
2.923, 2.031, 1.957, 49, 1592567889016
2.926, 2.086, 1.835, 55, 1592567889113
2.914, 2.121, 1.76, 60, 1592567889210
2.914, 2.137, 1.712, 61, 1592567889308
2.939, 2.145, 1.725, 52, 1592567889405
2.934, 2.07, 1.829, 48, 1592567889503
2.931, 2.057, 1.864, 52, 1592567889600
2.953, 2.071, 1.838, 54, 1592567889696
2.949, 2.098, 1.812, 56, 1592567889796
2.94, 2.139, 1.745, 60, 1592567889893
2.935, 2.074, 1.858, 48, 1592567889993
2.925, 2.104, 1.787, 62, 1592567890088
2.904, 2.119, 1.762, 61, 1592567890185
2.929, 2.108, 1.784, 52, 1592567890280
2.928, 2.136, 1.732, 60, 1592567890380
2.929, 2.106, 1.796, 51, 1592567890478
2.923, 2.074, 1.833, 54, 1592567890624
2.92, 2.024, 1.93, 48, 1592567890721
2.887, 2.077, 2.048, 96, 1592567890819
2.933, 2.081, 1.989, 52, 1592567890917
2.921, 2.064, 1.993, 52, 1592567891014
2.931, 2.077, 1.924, 57, 1592567891111
2.926, 2.041, 1.97, 48, 1592567891209
2.929, 2.079, 1.904, 56, 1592567891307
2.951, 2.07, 1.927, 51, 1592567891404
2.944, 2.095, 1.884, 56, 1592567891502
2.948, 2.055, 1.917, 50, 1592567891600
2.952, 2.075, 1.897, 53, 1592567891696
2.957, 2.099, 1.864, 54, 1592567891795
2.974, 2.094, 1.867, 51, 1592567891892
2.964, 2.083, 1.865, 55, 1592567891989
2.959, 2.056, 1.9, 50, 1592567892087
2.947, 2.021, 1.962, 48, 1592567892184
2.932, 1.997, 1.992, 50, 1592567892282
2.937, 2.028, 1.927, 57, 1592567892379
2.95, 2.044, 1.92, 51, 1592567892526
2.951, 2.042, 1.919, 52, 1592567892625
2.952, 2.076, 1.869, 56, 1592567892720
2.941, 2.071, 1.883, 53, 1592567892817
2.952, 2.092, 1.859, 53, 1592567892915
2.96, 2.087, 1.851, 54, 1592567893013
2.931, 2.043, 1.943, 46, 1592567893111
2.946, 2.06, 1.908, 53, 1592567893208
2.929, 2.1, 1.824, 62, 1592567893306
2.918, 2.134, 1.746, 59, 1592567893403
2.923, 2.098, 1.793, 53, 1592567893500
2.929, 2.113, 1.797, 54, 1592567893598
2.932, 2.104, 1.836, 51, 1592567893695
2.924, 2.052, 1.878, 53, 1592567893793
2.934, 2.019, 1.952, 49, 1592567893891
2.932, 1.987, 2.02, 48, 1592567893988
2.925, 1.993, 2.003, 53, 1592567894086
2.925, 1.99, 2.001, 51, 1592567894183
2.927, 1.969, 2.045, 48, 1592567894280
2.942, 1.993, 2.022, 50, 1592567894378
2.95, 1.995, 2.013, 50, 1592567894524
2.926, 1.995, 1.994, 55, 1592567894622
2.883, 2.056, 2.085, 96, 1592567894720
2.88, 2.092, 1.963, 62, 1592567894817
2.88, 2.146, 1.861, 60, 1592567894914
2.889, 2.134, 1.861, 54, 1592567895012
2.904, 2.129, 1.854, 54, 1592567895109
2.91, 2.109, 1.879, 52, 1592567895207
2.916, 2.087, 1.895, 52, 1592567895304
2.919, 2.081, 1.907, 52, 1592567895402
2.929, 2.065, 1.932, 49, 1592567895500
2.914, 2.102, 1.862, 60, 1592567895598
2.903, 2.078, 1.903, 51, 1592567895694
2.902, 2.087, 1.904, 53, 1592567895792
2.917, 2.085, 1.916, 50, 1592567895889
2.871, 2.053, 1.804, 76, 1592567895987
2.894, 2.091, 1.785, 55, 1592567896084
2.891, 2.107, 1.77, 59, 1592567896183
2.888, 2.139, 1.708, 60, 1592567896279
2.903, 2.138, 1.726, 55, 1592567896426
2.911, 2.098, 1.795, 51, 1592567896523
2.935, 2.083, 1.816, 52, 1592567896621
2.943, 2.041, 1.872, 49, 1592567896718
2.927, 2.036, 1.91, 51, 1592567896815
2.941, 2.04, 1.902, 52, 1592567896913
2.943, 2.029, 1.916, 52, 1592567897011
2.941, 2.076, 1.813, 57, 1592567897108
2.942, 2.062, 1.848, 51, 1592567897205
2.957, 2.035, 1.915, 50, 1592567897303
2.965, 2.072, 1.872, 54, 1592567897449
2.932, 2.112, 1.779, 60, 1592567897498
2.932, 2.089, 1.834, 50, 1592567897598
2.932, 2.068, 1.869, 51, 1592567897693
2.916, 2.104, 1.792, 62, 1592567897791
2.92, 2.077, 1.82, 54, 1592567897888
2.933, 2.08, 1.82, 54, 1592567897985
2.949, 2.094, 1.787, 56, 1592567898083
2.937, 2.049, 1.885, 48, 1592567898180
2.938, 2.037, 1.912, 50, 1592567898278
2.935, 2.0, 1.987, 48, 1592567898424
2.933, 2.017, 1.975, 52, 1592567898522
2.89, 2.073, 2.035, 93, 1592567898619
2.885, 2.121, 1.906, 59, 1592567898717
2.925, 2.129, 1.867, 52, 1592567898814
2.942, 2.102, 1.851, 55, 1592567898912
2.94, 2.062, 1.919, 48, 1592567899009
2.96, 2.061, 1.912, 51, 1592567899107
2.945, 2.099, 1.815, 59, 1592567899204
2.943, 2.087, 1.846, 52, 1592567899303
2.931, 2.119, 1.763, 59, 1592567899396
2.925, 2.133, 1.715, 61, 1592567899496
2.917, 2.164, 1.675, 61, 1592567899594
2.934, 2.164, 1.689, 55, 1592567899692
2.937, 2.18, 1.681, 57, 1592567899789
2.927, 2.183, 1.65, 61, 1592567899887
2.912, 2.205, 1.629, 61, 1592567899984
