1.17, 2.68, 1.48|1.17, 2.68, 1.52
1.17, 2.69, 1.49|1.17, 2.69, 1.52
1.17, 2.69, 1.50|1.18, 2.70, 1.52
1.19, 2.68, 1.46|1.19, 2.70, 1.52
1.18, 2.69, 1.49|1.19, 2.71, 1.52
1.17, 2.68, 1.51|1.18, 2.69, 1.52
1.16, 2.69, 1.57|1.17, 2.69, 1.52
1.16, 2.67, 1.57|1.17, 2.69, 1.53
1.13, 2.71, 1.67|1.16, 2.71, 1.54
1.13, 2.71, 1.68|1.15, 2.72, 1.55
1.15, 2.70, 1.60|1.15, 2.71, 1.56
1.12, 2.74, 1.69|1.14, 2.73, 1.57
1.13, 2.75, 1.67|1.13, 2.75, 1.58
1.12, 2.75, 1.71|1.13, 2.75, 1.59
1.12, 2.74, 1.71|1.12, 2.75, 1.60
1.13, 2.72, 1.61|1.13, 2.74, 1.61
1.11, 2.76, 1.70|1.12, 2.75, 1.62
1.08, 2.78, 1.77|1.11, 2.77, 1.63
1.11, 2.75, 1.67|1.11, 2.77, 1.64
1.13, 2.72, 1.57|1.12, 2.76, 1.65
1.16, 2.69, 1.50|1.14, 2.72, 1.64
1.16, 2.68, 1.53|1.15, 2.71, 1.64
1.15, 2.70, 1.58|1.15, 2.71, 1.64
1.17, 2.67, 1.51|1.16, 2.69, 1.64
1.12, 2.73, 1.65|1.15, 2.70, 1.64
1.11, 2.71, 1.65|1.14, 2.71, 1.65
1.11, 2.70, 1.61|1.13, 2.70, 1.65
1.12, 2.71, 1.63|1.13, 2.71, 1.65
1.12, 2.69, 1.60|1.12, 2.70, 1.64
1.16, 2.65, 1.85|1.14, 2.67, 1.67
1.14, 2.66, 1.82|1.14, 2.67, 1.69
1.16, 2.65, 1.75|1.15, 2.67, 1.70
1.21, 2.83, 1.57|1.17, 2.73, 1.69
1.18, 2.78, 1.60|1.18, 2.76, 1.69
1.19, 2.70, 1.54|1.18, 2.75, 1.67
1.20, 2.64, 1.50|1.19, 2.71, 1.66
1.19, 2.58, 1.49|1.19, 2.62, 1.66
1.20, 2.55, 1.50|1.20, 2.57, 1.64
1.19, 2.50, 1.47|1.20, 2.53, 1.63
1.19, 2.44, 1.44|1.20, 2.47, 1.61
1.20, 2.41, 1.48|1.20, 2.43, 1.60
1.21, 2.36, 1.47|1.22, 2.39, 1.59
1.22, 2.32, 1.46|1.23, 2.35, 1.57
1.21, 2.30, 1.53|1.22, 2.31, 1.56
1.18, 2.25, 1.52|1.21, 2.27, 1.55
1.17, 2.20, 1.50|1.18, 2.21, 1.55
1.14, 2.16, 1.50|1.16, 2.17, 1.55
1.11, 2.14, 1.58|1.13, 2.13, 1.54
1.08, 2.13, 1.67|1.09, 2.12, 1.56
1.04, 2.11, 1.75|1.06, 2.10, 1.58
1.04, 2.09, 1.80|1.04, 2.08, 1.60
1.04, 2.03, 1.77|1.03, 2.04, 1.61
1.04, 1.99, 1.75|1.03, 2.00, 1.62
1.07, 1.93, 1.70|1.05, 1.94, 1.63
1.08, 1.89, 1.67|1.06, 1.89, 1.64
1.09, 1.84, 1.66|1.08, 1.84, 1.65
1.08, 1.81, 1.72|1.08, 1.81, 1.66
1.06, 1.79, 1.77|1.07, 1.78, 1.67
1.06, 1.74, 1.82|1.07, 1.73, 1.69
1.05, 1.70, 1.86|1.06, 1.69, 1.71
1.05, 1.67, 1.89|1.06, 1.66, 1.72
1.07, 1.63, 1.88|1.07, 1.62, 1.74
1.04, 1.60, 1.89|1.05, 1.59, 1.75
1.04, 1.52, 1.90|1.05, 1.53, 1.77
1.03, 1.48, 1.92|1.04, 1.48, 1.79
1.01, 1.44, 1.93|1.02, 1.44, 1.81
1.00, 1.40, 1.95|1.01, 1.40, 1.83
1.00, 1.34, 1.96|1.00, 1.34, 1.84
0.99, 1.31, 1.99|0.99, 1.30, 1.87
1.00, 1.27, 2.01|0.99, 1.26, 1.88
1.00, 1.23, 1.96|0.99, 1.23, 1.89
1.01, 1.17, 1.98|1.00, 1.17, 1.91
1.05, 1.14, 2.07|1.03, 1.13, 1.93
1.10, 1.10, 2.11|1.08, 1.10, 1.96
1.11, 1.07, 2.16|1.10, 1.06, 1.98
1.10, 1.00, 2.07|1.10, 1.00, 2.00
1.10, 0.96, 2.08|1.09, 0.95, 2.02
1.10, 0.91, 2.03|1.10, 0.90, 2.03
1.11, 0.86, 1.99|1.10, 0.85, 2.04
1.09, 0.83, 1.93|1.10, 0.82, 2.04
1.10, 0.79, 1.91|1.10, 0.78, 2.04
1.13, 0.74, 1.84|1.13, 0.74, 2.04
1.13, 0.69, 1.79|1.13, 0.69, 2.03
1.12, 0.65, 1.79|1.12, 0.65, 2.03
1.14, 0.60, 1.82|1.13, 0.60, 2.02
1.17, 0.56, 1.69|1.15, 0.55, 2.00
1.19, 0.52, 1.79|1.17, 0.51, 2.00
1.21, 0.46, 1.89|1.19, 0.45, 2.00
1.29, 0.29, 2.08|1.25, 0.31, 2.02
1.31, 0.28, 2.09|1.29, 0.26, 2.03
1.31, 0.30, 2.08|1.30, 0.27, 2.04
1.31, 0.30, 2.10|1.31, 0.28, 2.05
1.33, 0.31, 2.11|1.32, 0.29, 2.06
1.36, 0.31, 2.13|1.35, 0.30, 2.07
1.40, 0.30, 2.15|1.40, 0.29, 2.09
1.44, 0.30, 2.16|1.44, 0.30, 2.11
1.48, 0.34, 2.18|1.48, 0.33, 2.13
1.53, 0.37, 2.22|1.52, 0.36, 2.14
1.51, 0.41, 2.08|1.52, 0.40, 2.15
1.53, 0.45, 2.01|1.53, 0.44, 2.15
1.58, 0.44, 2.03|1.57, 0.45, 2.15
1.65, 0.44, 2.03|1.63, 0.45, 2.15
1.64, 0.47, 1.93|1.64, 0.47, 2.14
1.72, 0.44, 2.00|1.70, 0.45, 2.14
1.80, 0.38, 2.06|1.77, 0.41, 2.15
1.86, 0.37, 2.06|1.85, 0.38, 2.15
1.92, 0.41, 1.96|1.92, 0.40, 2.15
1.98, 0.38, 1.97|1.98, 0.39, 2.15
2.04, 0.36, 2.00|2.03, 0.37, 2.15
2.09, 0.41, 1.92|2.09, 0.39, 2.14
2.14, 0.46, 1.85|2.14, 0.45, 2.13
2.18, 0.46, 1.88|2.19, 0.46, 2.12
2.23, 0.40, 1.94|2.23, 0.41, 2.12
2.24, 0.38, 1.94|2.26, 0.39, 2.12
2.28, 0.36, 1.96|2.30, 0.37, 2.11
2.37, 0.45, 1.79|2.37, 0.41, 2.10
2.42, 0.40, 1.85|2.42, 0.41, 2.09
2.42, 0.41, 1.84|2.45, 0.42, 2.08
2.47, 0.38, 1.87|2.48, 0.41, 2.07
2.48, 0.37, 1.81|2.50, 0.39, 2.06
2.52, 0.36, 1.85|2.52, 0.37, 2.05
2.58, 0.34, 1.90|2.57, 0.35, 2.05
2.58, 0.40, 1.85|2.60, 0.38, 2.04
2.61, 0.37, 1.89|2.62, 0.37, 2.04
2.63, 0.35, 1.87|2.65, 0.36, 2.03
2.62, 0.37, 1.81|2.65, 0.36, 2.02
2.62, 0.35, 1.77|2.64, 0.35, 2.01
2.66, 0.31, 1.82|2.67, 0.32, 2.00
2.64, 0.38, 1.76|2.68, 0.34, 1.99
2.64, 0.35, 1.75|2.69, 0.33, 1.98
2.62, 0.31, 1.74|2.68, 0.31, 1.97
2.67, 0.28, 1.79|2.69, 0.28, 1.96
2.71, 0.29, 1.83|2.71, 0.28, 1.95
2.71, 0.34, 1.80|2.72, 0.32, 1.94
2.72, 0.36, 1.83|2.72, 0.34, 1.94
2.73, 0.39, 1.86|2.73, 0.38, 1.93
2.72, 0.42, 1.88|2.73, 0.39, 1.93
2.68, 0.46, 1.86|2.69, 0.44, 1.92
2.61, 0.57, 1.73|2.63, 0.53, 1.91
2.60, 0.62, 1.76|2.60, 0.61, 1.91
2.54, 0.71, 1.68|2.55, 0.69, 1.90
2.54, 0.76, 1.72|2.53, 0.75, 1.88
2.48, 0.87, 1.58|2.49, 0.84, 1.87
2.43, 0.97, 1.50|2.44, 0.94, 1.85
2.40, 1.04, 1.43|2.40, 1.03, 1.82
2.40, 1.08, 1.44|2.39, 1.08, 1.80
2.44, 1.10, 1.50|2.43, 1.10, 1.78
2.46, 1.17, 1.52|2.45, 1.16, 1.76
2.46, 1.25, 1.46|2.45, 1.25, 1.74
2.48, 1.21, 1.52|2.46, 1.24, 1.73
2.51, 1.25, 1.57|2.49, 1.26, 1.71
2.49, 1.32, 1.57|2.49, 1.31, 1.70
2.47, 1.39, 1.55|2.49, 1.38, 1.69
2.48, 1.42, 1.58|2.49, 1.42, 1.68
2.47, 1.48, 1.52|2.47, 1.48, 1.66
2.45, 1.55, 1.51|2.46, 1.55, 1.65
2.46, 1.56, 1.58|2.46, 1.56, 1.64
2.43, 1.62, 1.57|2.44, 1.63, 1.63
2.46, 1.63, 1.67|2.45, 1.65, 1.63
2.43, 1.69, 1.65|2.44, 1.70, 1.62
2.44, 1.72, 1.69|2.43, 1.74, 1.62
2.45, 1.75, 1.72|2.44, 1.77, 1.61
2.48, 1.73, 1.85|2.45, 1.77, 1.62
2.48, 1.78, 1.78|2.47, 1.79, 1.62
2.46, 1.81, 1.75|2.46, 1.81, 1.62
2.49, 1.80, 1.82|2.48, 1.82, 1.62
2.48, 1.87, 1.79|2.48, 1.86, 1.62
2.47, 1.93, 1.77|2.48, 1.91, 1.62
2.52, 1.91, 1.85|2.51, 1.93, 1.63
2.51, 1.96, 1.83|2.51, 1.96, 1.63
2.51, 2.01, 1.80|2.51, 2.01, 1.63
2.58, 1.97, 1.86|2.56, 2.00, 1.64
2.60, 1.97, 1.88|2.60, 2.00, 1.64
2.60, 1.99, 1.88|2.61, 2.00, 1.65
2.59, 2.03, 1.86|2.61, 2.03, 1.65
2.56, 2.07, 1.83|2.60, 2.08, 1.65
2.52, 2.10, 1.79|2.56, 2.11, 1.65
2.51, 2.08, 1.84|2.53, 2.10, 1.66
2.47, 2.11, 1.81|2.50, 2.12, 1.66
2.45, 2.10, 1.84|2.47, 2.12, 1.66
2.42, 2.11, 1.83|2.44, 2.13, 1.66
2.39, 2.10, 1.82|2.40, 2.11, 1.66
2.38, 2.07, 1.81|2.39, 2.09, 1.67
2.34, 2.04, 1.86|2.35, 2.05, 1.67
2.33, 2.05, 1.86|2.33, 2.05, 1.67
2.29, 2.04, 1.84|2.30, 2.04, 1.68
2.26, 2.04, 1.81|2.26, 2.04, 1.68
2.22, 2.02, 1.82|2.22, 2.02, 1.68
2.17, 2.00, 1.82|2.18, 2.00, 1.68
2.10, 1.96, 1.80|2.12, 1.97, 1.68
2.06, 1.95, 1.82|2.07, 1.94, 1.68
2.02, 1.96, 1.80|2.02, 1.95, 1.68
1.95, 1.93, 1.81|1.96, 1.93, 1.68
1.88, 1.92, 1.76|1.89, 1.92, 1.68
1.85, 1.94, 1.74|1.85, 1.93, 1.68
1.82, 1.91, 1.73|1.81, 1.91, 1.68
1.77, 1.91, 1.74|1.76, 1.91, 1.68
1.72, 1.92, 1.77|1.71, 1.91, 1.68
1.68, 1.89, 1.74|1.67, 1.90, 1.68
1.63, 1.87, 1.75|1.63, 1.88, 1.67
1.59, 1.85, 1.73|1.59, 1.86, 1.67
1.56, 1.86, 1.76|1.55, 1.86, 1.67
1.50, 1.83, 1.76|1.50, 1.84, 1.67
1.39, 1.81, 1.75|1.41, 1.82, 1.67
1.37, 1.79, 1.78|1.36, 1.80, 1.67
1.30, 1.74, 1.69|1.30, 1.75, 1.67
1.19, 1.68, 1.59|1.21, 1.70, 1.66
1.18, 1.71, 1.64|1.16, 1.70, 1.65
1.14, 1.71, 1.61|1.12, 1.70, 1.65
1.11, 1.75, 1.66|1.11, 1.74, 1.65
1.03, 1.72, 1.58|1.03, 1.72, 1.64
0.91, 1.68, 1.44|0.92, 1.69, 1.63
0.85, 1.68, 1.36|0.85, 1.67, 1.61
0.85, 1.70, 1.38|0.81, 1.68, 1.60
0.85, 1.75, 1.43|0.82, 1.73, 1.59
0.89, 1.81, 1.54|0.85, 1.79, 1.58
0.92, 1.83, 1.52|0.89, 1.82, 1.57
0.96, 1.90, 1.64|0.93, 1.88, 1.57
0.98, 1.91, 1.59|0.96, 1.91, 1.56
0.97, 1.97, 1.61|0.97, 1.95, 1.56
0.97, 2.01, 1.62|0.98, 1.99, 1.56
0.97, 2.04, 1.59|0.97, 2.04, 1.55
0.99, 2.09, 1.63|0.99, 2.09, 1.55
0.99, 2.13, 1.64|0.99, 2.13, 1.55
0.98, 2.18, 1.66|0.98, 2.18, 1.55
0.98, 2.21, 1.66|0.98, 2.21, 1.55
1.00, 2.24, 1.62|0.99, 2.24, 1.54
1.03, 2.24, 1.56|1.01, 2.25, 1.54
1.01, 2.31, 1.61|1.00, 2.30, 1.53
0.98, 2.36, 1.66|0.99, 2.35, 1.53
1.05, 2.40, 1.63|1.03, 2.39, 1.53
1.09, 2.42, 1.59|1.07, 2.43, 1.53
1.09, 2.48, 1.64|1.09, 2.47, 1.53
1.13, 2.50, 1.62|1.12, 2.50, 1.53
1.15, 2.52, 1.57|1.15, 2.52, 1.52
1.15, 2.57, 1.63|1.16, 2.57, 1.52
1.17, 2.59, 1.60|1.17, 2.59, 1.52
1.01, 2.54, 1.44|1.07, 2.56, 1.51
1.00, 2.61, 1.59|1.02, 2.60, 1.51
0.99, 2.68, 1.70|1.00, 2.67, 1.51
0.98, 2.75, 1.79|0.99, 2.74, 1.51
1.04, 2.77, 1.70|1.02, 2.78, 1.52
1.05, 2.82, 1.69|1.04, 2.83, 1.52
1.08, 2.83, 1.60|1.06, 2.84, 1.51
1.04, 2.91, 1.75|1.05, 2.91, 1.52
1.03, 2.95, 1.82|1.03, 2.96, 1.52
1.01, 3.01, 1.87|1.02, 3.01, 1.53
1.06, 2.99, 1.73|1.04, 3.02, 1.53
1.03, 3.04, 1.81|1.03, 3.05, 1.54
1.02, 3.07, 1.90|1.03, 3.08, 1.55
1.03, 3.12, 1.91|1.03, 3.13, 1.55
