0.887596, -0.011613917, 1.6078619, 56, 1594395353821
0.78628385, 0.004914143, 1.4472157, 53, 1594395353919
0.88757694, 4.065223E-5, 1.6062359, 54, 1594395354016
0.9463999, -0.0732, 1.7066998, 51, 1594395354118
1.0953344, -0.04756708, 1.9913855, 77, 1594395354213
1.0293261, -0.0047477847, 1.8527348, 56, 1594395354359
0.8844935, -0.013475567, 1.6161859, 51, 1594395354456
0.9798335, -0.017136864, 1.7640055, 51, 1594395354555
1.1161883, -0.005803653, 1.997148, 55, 1594395354653
1.0095425, 0.013864491, 1.8010439, 55, 1594395354750
0.9843697, -0.00834135, 1.7813557, 54, 1594395354845
0.89120597, -0.005407715, 1.6141806, 51, 1594395354944
1.0527967, 0.002402332, 1.9165869, 54, 1594395355043
1.0225999, -0.0134, 1.8564999, 54, 1594395355141
0.9865869, -0.0035857204, 1.7951334, 53, 1594395355238
0.95562536, 0.030169938, 1.7316147, 54, 1594395355335
0.92472875, 0.03256979, 1.7097135, 55, 1594395355433
0.9201919, -0.021804623, 1.6948644, 52, 1594395355529
0.9011819, 0.026374957, 1.669889, 52, 1594395355627
0.8878, 0.085599996, 1.6351, 54, 1594395355724
0.8249435, 0.102047, 1.546076, 54, 1594395355822
0.8593675, 0.07942929, 1.666159, 55, 1594395355919
0.7917181, 0.0130650345, 1.5214411, 50, 1594395356021
0.9631982, 0.06100096, 1.9189942, 54, 1594395356115
0.9675552, -0.0035590753, 1.8713386, 51, 1594395356260
0.9186, 0.0938, 1.7774999, 55, 1594395356359
0.8773899, 0.058603812, 1.6419528, 52, 1594395356456
0.9018, 0.0674, 1.7845999, 54, 1594395356556
0.851, 0.0776, 1.6741, 52, 1594395356654
0.86476773, 0.090210386, 1.7281377, 54, 1594395356751
0.8587923, 0.08199375, 1.6830261, 54, 1594395356847
0.8503343, 0.07846694, 1.6556665, 55, 1594395356944
0.82257855, 0.059631623, 1.5715095, 54, 1594395357043
0.7930027, 0.01859695, 1.5687947, 50, 1594395357138
1.0081202, 0.032424256, 1.9703465, 54, 1594395357239
0.921, 0.0588, 1.7921001, 53, 1594395357334
0.9213724, 0.043157987, 1.7850504, 51, 1594395357433
0.90339655, 0.032343537, 1.7533913, 49, 1594395357528
1.0809945, 0.07380525, 2.1382618, 53, 1594395357629
0.9985619, 0.08763457, 1.963485, 53, 1594395357723
0.96739995, 0.0834, 1.8615999, 53, 1594395357823
0.8415416, 0.10743795, 1.6119679, 50, 1594395357920
0.99500585, 0.10679142, 1.9439545, 52, 1594395358016
1.0212001, 0.088, 1.9977001, 53, 1594395358162
0.97639996, 0.077199996, 1.8841, 51, 1594395358261
0.9157826, 0.1380193, 1.7771924, 52, 1594395358360
0.8851777, 0.16381527, 1.7191039, 54, 1594395358454
0.7937358, 0.14607464, 1.5260662, 51, 1594395358553
0.9870125, 0.12658451, 1.8907586, 55, 1594395358650
0.9129629, 0.08181847, 1.7987229, 53, 1594395358750
1.0036901, 0.048888564, 1.7977096, 55, 1594395358847
0.9282092, 0.061190825, 1.7286657, 55, 1594395358941
0.8566, 0.102000006, 1.6435001, 57, 1594395359043
0.8872, -0.0108, 1.693, 54, 1594395359139
0.79985726, -0.018457554, 1.5302211, 50, 1594395359236
0.99746984, 0.005505774, 1.9530387, 54, 1594395359332
0.86973035, 0.07064382, 1.6903285, 54, 1594395359429
1.003, -0.0134, 1.9850999, 53, 1594395359531
0.8587755, 0.05161472, 1.7142271, 52, 1594395359627
1.0514001, 0.0286, 2.0741, 54, 1594395359721
0.97240007, 0.045600004, 1.9154, 54, 1594395359822
0.88219994, 0.0664, 1.7888, 53, 1594395359921
0.8958, 0.0728, 1.7787001, 54, 1594395360017
0.92759997, 0.0244, 1.8412999, 53, 1594395360161
0.86816776, 0.022423062, 1.6897793, 51, 1594395360258
1.034, 0.0334, 1.9517, 53, 1594395360357
0.99860007, 0.049000002, 2.0480998, 54, 1594395360455
1.0010004, 0.042800214, 2.024698, 56, 1594395360553
1.0037462, 0.0016691028, 1.9878324, 58, 1594395360649
0.8056, -0.043, 1.6545001, 49, 1594395360748
0.94799995, 0.014599999, 1.9907, 51, 1594395360845
1.0199621, 0.061430335, 1.993842, 55, 1594395360943
0.9014248, 0.025756622, 1.7962108, 51, 1594395361038
0.9875769, 0.044220854, 1.9515176, 54, 1594395361136
0.9311107, 5.2415766E-4, 1.8276303, 50, 1594395361233
1.052308, 0.04682777, 2.0884993, 52, 1594395361330
1.1052953, 0.020084701, 2.2095125, 54, 1594395361428
1.0108, 0.048000004, 2.0272, 54, 1594395361528
0.9704, 0.0628, 1.9058, 55, 1594395361626
0.88855416, 0.08122583, 1.7936473, 55, 1594395361770
0.8612, 0.062400002, 1.7372, 54, 1594395361821
0.8691526, 0.02315943, 1.7255335, 52, 1594395361919
0.7442806, 0.08068781, 1.4888841, 50, 1594395362065
0.9471009, 0.0938847, 1.868818, 53, 1594395362160
0.973, 0.052, 1.9187, 53, 1594395362263
0.93900007, 0.0722, 1.8357999, 55, 1594395362355
0.9196, 0.045399997, 1.7803999, 55, 1594395362454
0.8803607, 0.035382804, 1.7121396, 53, 1594395362553
0.85093063, 0.062884055, 1.6872401, 54, 1594395362649
0.8359613, 0.06441168, 1.6453677, 54, 1594395362745
0.76572424, 0.08105988, 1.508211, 51, 1594395362845
0.7902272, 0.072721966, 1.6039821, 51, 1594395362942
0.9859429, 0.06543748, 2.0037234, 54, 1594395363039
0.9043346, 0.08363876, 1.8329549, 52, 1594395363133
0.963553, 0.05502318, 1.8499284, 53, 1594395363234
0.8709718, 0.09416155, 1.7441943, 52, 1594395363332
0.87295663, 0.096533425, 1.7371429, 53, 1594395363427
0.8456545, 0.067803964, 1.6012801, 50, 1594395363526
0.98950964, 0.08884391, 1.9329236, 52, 1594395363623
0.9732, 0.0804, 1.9741, 51, 1594395363722
0.9468, 0.074200004, 1.8901, 50, 1594395363821
1.0422, 0.0672, 2.0607, 50, 1594395363914
1.1156147, 0.09669346, 2.2148452, 52, 1594395364065
1.0816, 0.065400004, 2.1944, 49, 1594395364160
1.1428, 0.07659999, 2.225, 55, 1594395364256
1.1035203, 0.106432386, 2.3086033, 52, 1594395364356
1.0555813, 0.11600982, 2.1511142, 53, 1594395364454
1.0611866, 0.083589494, 2.1005454, 55, 1594395364549
0.9535702, 0.023028217, 1.8535676, 50, 1594395364647
1.0187999, 0.049200002, 2.0066998, 51, 1594395364746
1.1830461, 0.04697342, 2.3271072, 55, 1594395364842
1.058405, 0.05359067, 2.1288629, 54, 1594395364937
0.9956, 0.0582, 1.9851, 55, 1594395365038
0.9059453, 0.04643633, 1.830003, 52, 1594395365134
0.893835, 0.07536871, 1.780173, 52, 1594395365231
0.92740005, 0.0702, 1.8323998, 53, 1594395365334
0.78319997, 0.098000005, 1.5595001, 51, 1594395365429
0.9731913, 0.08240619, 1.9480649, 52, 1594395365524
0.9814, 0.0834, 1.8996999, 52, 1594395365621
0.9629138, 0.07065904, 1.8654122, 52, 1594395365720
1.0151988, 0.058200818, 1.9708974, 54, 1594395365868
0.91711384, 0.070095785, 1.8113548, 51, 1594395365962
0.9606001, 0.076, 1.8455999, 54, 1594395366060
0.83095276, 0.131828, 1.6521418, 53, 1594395366160
0.93839955, 0.06700048, 1.8969971, 54, 1594395366254
0.87495136, 0.05656639, 1.7565823, 52, 1594395366352
0.8216, 0.06959999, 1.6395999, 49, 1594395366450
1.0012001, 0.09780001, 2.0281, 55, 1594395366549
0.92744875, 0.11175638, 1.8694195, 55, 1594395366644
0.92300546, 0.05359552, 1.8376778, 55, 1594395366742
0.8416, 0.0686, 1.7016001, 53, 1594395366843
0.8766, 0.0422, 1.7334, 52, 1594395366941
0.9157893, 0.032208703, 1.7860892, 53, 1594395367034
0.88320005, 0.069400005, 1.7253, 54, 1594395367134
0.8468864, 0.09907867, 1.6599809, 55, 1594395367232
0.80139965, 0.11700018, 1.6019995, 56, 1594395367330
0.83900005, 0.028799996, 1.6542001, 55, 1594395367427
0.80857176, 0.03381425, 1.6266769, 54, 1594395367522
0.7704, 0.070199996, 1.5208999, 53, 1594395367622
0.8455446, 0.02095714, 1.7074279, 53, 1594395367719
0.72599864, 0.0757903, 1.4895495, 51, 1594395367814
0.9443244, 0.07243427, 1.9037172, 55, 1594395367961
0.8788, 0.0664, 1.8213, 54, 1594395368061
0.81759346, 0.09041462, 1.6535352, 52, 1594395368156
0.77400005, 0.089, 1.6507, 51, 1594395368256
0.9769711, 0.07681708, 2.0186522, 54, 1594395368352
0.8369799, 0.08554903, 1.7382588, 51, 1594395368448
0.99240005, 0.076400004, 2.0367, 51, 1594395368547
1.023, 0.1034, 2.1374002, 55, 1594395368646
0.98199993, 0.051800005, 2.0035, 53, 1594395368743
0.89997864, 0.12461217, 1.8459306, 55, 1594395368837
0.9074786, 0.05807592, 1.8451805, 55, 1594395368938
0.8738963, 0.060476277, 1.7610981, 55, 1594395369033
0.7984, 0.058199998, 1.6456, 53, 1594395369131
0.8237847, 0.063003406, 1.6796708, 53, 1594395369230
0.8832, 0.0448, 1.7472, 55, 1594395369329
0.84698796, 0.021013774, 1.6868048, 52, 1594395369422
0.8768, 0.028399998, 1.6797999, 52, 1594395369523
0.9461778, -0.0023941211, 1.8402445, 52, 1594395369619
0.8406, 0.09900001, 1.6831001, 54, 1594395369718
0.92399997, 0.017000005, 1.8283, 52, 1594395369864
0.8876447, 0.06642668, 1.7451248, 53, 1594395369962
0.82321876, 0.11463618, 1.6050793, 53, 1594395370056
0.8926, 0.10700001, 1.7626001, 56, 1594395370155
0.884362, 0.018151285, 1.7490015, 54, 1594395370253
0.8476, 0.064, 1.6863, 55, 1594395370350
0.8201999, 0.0508, 1.6496, 55, 1594395370447
0.8281494, 0.01924064, 1.6397706, 53, 1594395370545
0.76115066, 0.07402921, 1.5411719, 53, 1594395370642
0.8469999, 0.05840008, 1.6807995, 55, 1594395370739
0.7775008, 0.047437653, 1.5408869, 51, 1594395370836
0.9025226, 0.057639424, 1.7774858, 55, 1594395370936
0.83360004, 0.1054, 1.6755, 57, 1594395371034
0.751, -0.018000003, 1.5553999, 49, 1594395371132
0.9874034, 0.040193077, 1.9691749, 54, 1594395371227
0.89608127, 0.06150285, 1.8164036, 54, 1594395371324
0.9389999, 0.03800017, 1.8795995, 55, 1594395371422
0.8182071, 0.021984845, 1.6960223, 50, 1594395371520
0.9144, 0.059599996, 1.8630998, 52, 1594395371621
0.9738, 0.048000004, 1.9105, 53, 1594395371717
0.940854, 0.05883869, 1.8203808, 54, 1594395371862
0.8466, 0.079, 1.7170999, 52, 1594395371961
0.88740003, 0.0684, 1.7026001, 52, 1594395372107
0.8522, 0.076799996, 1.7071999, 51, 1594395372156
1.0247734, 0.048378795, 2.023884, 53, 1594395372253
0.91920006, 0.0912, 1.8622999, 52, 1594395372351
0.96753424, 0.07282377, 1.8864808, 53, 1594395372447
0.9037999, 0.10040018, 1.7839993, 54, 1594395372544
0.8801167, 0.0886509, 1.7323893, 54, 1594395372641
0.8432, 0.1014, 1.6776, 54, 1594395372737
0.74576664, 0.10022676, 1.4953249, 49, 1594395372836
0.9151714, 0.12381826, 1.8207544, 55, 1594395372936
0.87079996, 0.0958, 1.7463999, 54, 1594395373030
0.85536695, 0.08356396, 1.7205247, 53, 1594395373130
0.7681029, 0.09822379, 1.5744362, 50, 1594395373227
0.859, 0.1236, 1.7803, 53, 1594395373327
0.85776705, 0.118226364, 1.7582595, 54, 1594395373423
0.73679996, 0.09719999, 1.5450001, 49, 1594395373521
0.86640006, 0.1088, 1.7914, 50, 1594395373617
0.98639995, 0.115, 2.0502, 51, 1594395373766
1.0584, 0.101, 2.1677997, 54, 1594395373862
0.97139996, 0.1088, 1.9883001, 55, 1594395373959
0.9295787, 0.10539641, 1.9059304, 56, 1594395374057
0.82674927, 0.020819908, 1.6934843, 51, 1594395374152
1.0042, 0.053000003, 2.0828, 56, 1594395374251
0.93861043, 0.026584733, 1.9407303, 55, 1594395374349
0.9247693, 0.0034183655, 1.8492112, 55, 1594395374444
0.82140005, 0.009400001, 1.6456001, 52, 1594395374545
0.993, -0.012799999, 1.9750999, 53, 1594395374640
0.91336566, 0.028967774, 1.8308542, 52, 1594395374740
0.9454, 0.0095999995, 1.9074, 51, 1594395374834
0.9629406, 0.02587277, 1.9592808, 51, 1594395374934
1.0257541, 0.046023775, 2.113889, 52, 1594395375078
1.1109852, 0.047407035, 2.248654, 53, 1594395375127
1.0161898, 0.028800726, 2.0996675, 52, 1594395375225
1.0816001, 0.013999999, 2.2048, 51, 1594395375324
1.1338, 0.003800001, 2.3128, 49, 1594395375420
1.1827421, 0.05583923, 2.3626146, 53, 1594395375521
1.0849475, 0.040826175, 2.2175746, 52, 1594395375617
1.1901462, 0.010034196, 2.445384, 52, 1594395375762
1.0989776, 0.07977488, 2.2244253, 55, 1594395375858
1.0489999, 0.0112000005, 2.1041, 51, 1594395375958
1.0735861, 0.03441775, 2.1894383, 53, 1594395376053
0.9412, 0.047, 1.9262999, 51, 1594395376153
1.0313911, 0.048589233, 2.0549235, 51, 1594395376251
1.102303, 0.037069205, 2.2215483, 50, 1594395376346
1.1073556, 0.06942377, 2.2421517, 52, 1594395376442
1.1929996, 0.057800174, 2.395299, 54, 1594395376540
1.1235727, 0.018221326, 2.2047343, 52, 1594395376637
1.1452, -0.0051999995, 2.1627002, 51, 1594395376736
1.1297998, 0.018199999, 2.2173998, 52, 1594395376835
1.0967379, -0.010833412, 2.094847, 51, 1594395376930
1.1958001, 0.0316, 2.2928998, 54, 1594395377028
1.1534001, -0.007, 2.2452002, 52, 1594395377125
1.1382, 0.0286, 2.2419002, 55, 1594395377226
1.0358, -0.0214, 2.0207999, 51, 1594395377321
1.0759933, -0.013197234, 2.0802813, 50, 1594395377421
1.1413999, 0.041000597, 2.248198, 55, 1594395377516
1.0350664, -0.0120997615, 2.0132592, 51, 1594395377665
1.092, -0.010800024, 2.1186998, 51, 1594395377761
1.0738001, 0.0494, 2.1152, 54, 1594395377858
1.1147887, -9.921549E-4, 2.1307611, 56, 1594395377957
0.9164, -0.0138, 1.7959, 50, 1594395378055
1.0541577, 0.011841189, 2.0369155, 52, 1594395378153
1.0695614, 0.034224115, 2.1107821, 54, 1594395378250
1.0293915, 8.055828E-4, 2.0065513, 52, 1594395378345
1.0605152, -0.0018261335, 2.1142564, 53, 1594395378443
1.0702001, -0.015199999, 2.1265, 53, 1594395378540
1.0207523, 0.035016086, 2.0078049, 55, 1594395378637
0.946, -0.012200001, 1.9149001, 51, 1594395378736
1.0433999, 0.005, 2.0440001, 54, 1594395378832
0.94280005, 0.012600001, 1.8967999, 51, 1594395378932
1.0422246, 0.03916695, 2.0022452, 55, 1594395379027
0.8872, 0.025600003, 1.7329001, 50, 1594395379127
1.0401942, 0.03039473, 2.001939, 54, 1594395379222
0.9294, 0.0592, 1.815, 53, 1594395379323
0.9375636, 0.03257814, 1.7910321, 50, 1594395379417
0.9528, 0.044000003, 1.7621999, 50, 1594395379516
1.0199804, 0.08141098, 1.9316208, 52, 1594395379662
1.0966, 0.058, 2.1265001, 54, 1594395379762
0.9954, 0.053999998, 1.8801999, 52, 1594395379858
1.0127312, 0.048562527, 1.9983405, 53, 1594395379955
0.9426, 0.0946, 1.8562, 55, 1594395380053
0.84273577, 0.06322056, 1.6381512, 51, 1594395380150
0.96438295, 0.06419582, 1.9229164, 52, 1594395380246
0.9316, 0.055599995, 1.8277, 50, 1594395380346
0.9522, 0.08460001, 1.8457, 51, 1594395380444
0.94854385, 0.0856423, 1.8752389, 52, 1594395380542
1.0547993, 0.060600515, 2.0578973, 52, 1594395380638
1.0533512, 0.047995463, 2.0934756, 51, 1594395380736
1.1090037, 0.03999661, 2.209194, 51, 1594395380831
1.0322, 0.061199997, 2.0801, 51, 1594395380933
1.0943999, 0.0604, 2.1945999, 51, 1594395381027
1.1346, 0.046, 2.2791998, 51, 1594395381125
1.222, 0.051599998, 2.4529002, 52, 1594395381225
1.1373788, 0.03580802, 2.209132, 51, 1594395381318
1.1883388, 0.04217184, 2.322623, 51, 1594395381417
1.1917998, 0.051999908, 2.3347993, 52, 1594395381564
1.1584, 0.028400002, 2.2412999, 51, 1594395381663
1.1962, 0.0458, 2.3308003, 52, 1594395381758
1.1631694, 0.031832293, 2.2874534, 51, 1594395381854
1.2457399, 0.046230167, 2.4912336, 53, 1594395381955
1.1681999, 0.0276, 2.2396998, 52, 1594395382049
1.1271087, 0.036143895, 2.182889, 52, 1594395382147
1.1652002, 0.010599684, 2.268599, 53, 1594395382247
1.0493456, 0.06722276, 2.033218, 54, 1594395382342
0.93160003, 0.0362, 1.7962, 52, 1594395382442
1.0613999, 0.038599998, 2.068, 53, 1594395382539
1.0986001, 0.0258, 2.1459, 54, 1594395382636
1.0486, 3.999998E-4, 2.0491002, 53, 1594395382732
1.0397855, 0.009009989, 2.0033038, 55, 1594395382832
0.8804, 0.0019999985, 1.7170999, 50, 1594395382929
1.0552, 0.068399996, 2.0536, 59, 1594395383027
0.9194, -0.012, 1.8146, 53, 1594395383125
0.8905614, 0.025431953, 1.7656252, 54, 1594395383220
0.90455174, -0.00995845, 1.7740805, 51, 1594395383320
0.9532, 0.0033999998, 1.8903999, 52, 1594395383417
0.88661194, 0.031590346, 1.7293234, 51, 1594395383563
0.9431576, 0.033822767, 1.8517116, 51, 1594395383659
