0.965, 2.924, 1.75, 44, 1592561072995
0.928, 2.962, 1.862, 44, 1592561073091
0.964, 2.912, 1.706, 40, 1592561073189
0.982, 2.89, 1.665, 42, 1592561073287
0.986, 2.885, 1.656, 44, 1592561073389
0.965, 2.897, 1.709, 48, 1592561073486
0.95, 2.932, 1.776, 50, 1592561073581
0.967, 2.912, 1.746, 43, 1592561073677
0.939, 2.934, 1.814, 51, 1592561073779
0.973, 2.9, 1.727, 41, 1592561073874
0.991, 2.88, 1.679, 42, 1592561073971
0.98, 2.927, 1.758, 50, 1592561074069
0.978, 2.912, 1.742, 45, 1592561074166
0.953, 2.959, 1.803, 50, 1592561074315
0.954, 2.95, 1.799, 46, 1592561074410
0.93, 2.975, 1.875, 44, 1592561074507
0.963, 2.932, 1.761, 41, 1592561074604
0.944, 2.952, 1.82, 50, 1592561074705
0.945, 2.942, 1.843, 47, 1592561074800
0.93, 2.943, 1.87, 49, 1592561074898
0.924, 2.934, 1.898, 48, 1592561074994
0.885, 2.98, 1.998, 46, 1592561075092
0.916, 2.936, 1.881, 42, 1592561075189
0.944, 2.888, 1.779, 41, 1592561075286
0.97, 2.866, 1.719, 41, 1592561075385
0.948, 2.888, 1.787, 49, 1592561075483
0.967, 2.873, 1.73, 42, 1592561075579
1.014, 2.853, 1.625, 38, 1592561075679
0.965, 2.898, 1.76, 42, 1592561075775
0.992, 2.885, 1.707, 41, 1592561075872
0.992, 2.879, 1.689, 44, 1592561075971
0.995, 2.857, 1.659, 42, 1592561076070
0.98, 2.894, 1.743, 49, 1592561076220
0.991, 2.873, 1.68, 42, 1592561076316
0.992, 2.883, 1.703, 45, 1592561076409
0.99, 2.88, 1.695, 44, 1592561076510
0.998, 2.86, 1.653, 42, 1592561076607
0.978, 2.92, 1.741, 49, 1592561076704
0.992, 2.885, 1.674, 41, 1592561076802
1.022, 2.848, 1.605, 39, 1592561076901
0.999, 2.852, 1.634, 46, 1592561076997
1.033, 2.828, 1.539, 39, 1592561077092
1.033, 2.83, 1.555, 42, 1592561077191
1.044, 2.809, 1.509, 40, 1592561077289
1.014, 2.835, 1.622, 47, 1592561077386
0.987, 2.898, 1.714, 50, 1592561077481
1.019, 2.867, 1.608, 39, 1592561077580
1.012, 2.861, 1.61, 44, 1592561077678
0.982, 2.913, 1.708, 50, 1592561077776
0.961, 2.947, 1.768, 50, 1592561077875
0.976, 2.926, 1.74, 43, 1592561077972
0.995, 2.885, 1.687, 41, 1592561078069
0.961, 2.913, 1.779, 49, 1592561078216
0.942, 2.918, 1.807, 48, 1592561078311
0.984, 2.882, 1.675, 40, 1592561078412
0.959, 2.924, 1.759, 51, 1592561078508
0.965, 2.894, 1.711, 43, 1592561078602
0.943, 2.917, 1.791, 50, 1592561078703
0.976, 2.878, 1.658, 40, 1592561078800
0.949, 2.892, 1.75, 49, 1592561078898
0.973, 2.871, 1.69, 42, 1592561078996
0.976, 2.875, 1.672, 44, 1592561079089
1.001, 2.846, 1.566, 40, 1592561079190
0.965, 2.912, 1.681, 47, 1592561079285
0.974, 2.899, 1.663, 44, 1592561079385
0.983, 2.876, 1.618, 42, 1592561079483
0.943, 2.91, 1.742, 44, 1592561079580
0.944, 2.906, 1.753, 46, 1592561079678
0.973, 2.866, 1.696, 40, 1592561079773
1.001, 2.849, 1.657, 40, 1592561079873
0.999, 2.835, 1.624, 43, 1592561079970
1.018, 2.821, 1.528, 40, 1592561080114
1.014, 2.824, 1.561, 43, 1592561080216
0.975, 2.865, 1.681, 50, 1592561080313
0.978, 2.858, 1.666, 44, 1592561080409
0.952, 2.882, 1.757, 50, 1592561080507
0.934, 2.942, 1.839, 43, 1592561080603
0.95, 2.908, 1.783, 43, 1592561080702
0.933, 2.925, 1.812, 49, 1592561080798
0.916, 2.951, 1.853, 51, 1592561080896
0.876, 2.991, 1.942, 45, 1592561080994
0.88, 2.978, 1.933, 48, 1592561081092
0.879, 2.974, 1.929, 49, 1592561081188
0.926, 2.927, 1.755, 41, 1592561081287
0.952, 2.888, 1.628, 42, 1592561081384
0.935, 2.911, 1.729, 50, 1592561081482
0.952, 2.89, 1.7, 43, 1592561081581
0.982, 2.856, 1.587, 40, 1592561081677
0.97, 2.875, 1.617, 46, 1592561081774
0.978, 2.87, 1.618, 43, 1592561081871
0.985, 2.849, 1.591, 42, 1592561082018
0.983, 2.856, 1.607, 45, 1592561082115
0.995, 2.841, 1.58, 42, 1592561082213
1.01, 2.832, 1.489, 41, 1592561082310
1.01, 2.822, 1.489, 42, 1592561082405
1.017, 2.827, 1.497, 42, 1592561082504
0.965, 2.883, 1.675, 43, 1592561082603
0.988, 2.858, 1.599, 41, 1592561082701
1.001, 2.827, 1.54, 41, 1592561082797
1.008, 2.802, 1.502, 41, 1592561082895
1.014, 2.799, 1.508, 42, 1592561082993
1.011, 2.8, 1.501, 43, 1592561083090
1.021, 2.795, 1.453, 41, 1592561083188
1.0, 2.852, 1.559, 48, 1592561083285
0.968, 2.879, 1.662, 49, 1592561083383
0.996, 2.841, 1.588, 40, 1592561083480
1.01, 2.822, 1.58, 41, 1592561083577
1.01, 2.81, 1.551, 42, 1592561083675
0.976, 2.852, 1.672, 50, 1592561083772
1.007, 2.836, 1.604, 40, 1592561083871
1.006, 2.821, 1.573, 42, 1592561084016
1.021, 2.812, 1.53, 41, 1592561084114
1.017, 2.829, 1.562, 44, 1592561084211
1.018, 2.821, 1.533, 42, 1592561084309
1.017, 2.821, 1.516, 43, 1592561084406
0.984, 2.825, 1.623, 47, 1592561084507
1.006, 2.799, 1.531, 40, 1592561084601
0.994, 2.815, 1.53, 45, 1592561084699
1.002, 2.814, 1.526, 42, 1592561084796
1.001, 2.805, 1.514, 42, 1592561084893
1.0, 2.805, 1.502, 43, 1592561084992
1.007, 2.819, 1.505, 43, 1592561085089
1.011, 2.804, 1.488, 41, 1592561085186
1.014, 2.791, 1.478, 41, 1592561085284
1.014, 2.8, 1.469, 43, 1592561085381
0.972, 2.835, 1.601, 50, 1592561085479
0.978, 2.826, 1.591, 43, 1592561085577
0.997, 2.815, 1.577, 41, 1592561085674
1.011, 2.815, 1.496, 42, 1592561085771
1.019, 2.817, 1.501, 42, 1592561085869
1.033, 2.808, 1.474, 40, 1592561086015
1.019, 2.829, 1.519, 45, 1592561086113
1.012, 2.827, 1.528, 43, 1592561086210
0.975, 2.851, 1.648, 49, 1592561086308
0.985, 2.853, 1.628, 43, 1592561086405
1.001, 2.841, 1.575, 41, 1592561086502
1.007, 2.833, 1.549, 42, 1592561086600
1.014, 2.824, 1.521, 42, 1592561086697
1.024, 2.821, 1.505, 41, 1592561086794
1.022, 2.822, 1.476, 42, 1592561086893
1.023, 2.831, 1.476, 43, 1592561086991
1.013, 2.828, 1.487, 43, 1592561087088
1.003, 2.834, 1.513, 44, 1592561087185
0.994, 2.834, 1.557, 44, 1592561087282
1.006, 2.81, 1.515, 41, 1592561087382
1.0, 2.808, 1.523, 43, 1592561087478
0.975, 2.869, 1.604, 49, 1592561087575
0.907, 2.93, 1.771, 47, 1592561087673
0.929, 2.887, 1.694, 42, 1592561087770
0.953, 2.847, 1.612, 41, 1592561087918
0.934, 2.888, 1.722, 49, 1592561088014
0.96, 2.863, 1.638, 69, 1592561088111
0.968, 2.847, 1.618, 43, 1592561088209
0.985, 2.837, 1.602, 42, 1592561088306
0.993, 2.816, 1.56, 41, 1592561088404
0.995, 2.808, 1.574, 43, 1592561088501
1.002, 2.804, 1.568, 42, 1592561088599
1.01, 2.788, 1.54, 41, 1592561088697
1.024, 2.773, 1.464, 40, 1592561088794
1.018, 2.765, 1.459, 42, 1592561088891
1.012, 2.781, 1.466, 43, 1592561088989
0.965, 2.828, 1.623, 47, 1592561089086
0.969, 2.821, 1.598, 43, 1592561089184
0.985, 2.825, 1.554, 42, 1592561089281
0.968, 2.851, 1.632, 47, 1592561089378
0.941, 2.868, 1.721, 49, 1592561089477
0.971, 2.85, 1.656, 41, 1592561089574
0.971, 2.855, 1.65, 45, 1592561089671
0.976, 2.859, 1.65, 44, 1592561089769
1.004, 2.828, 1.572, 39, 1592561089915
1.019, 2.824, 1.578, 41, 1592561090013
1.007, 2.838, 1.592, 45, 1592561090110
1.001, 2.837, 1.565, 43, 1592561090208
0.996, 2.835, 1.556, 44, 1592561090305
0.992, 2.849, 1.573, 45, 1592561090402
0.998, 2.83, 1.528, 42, 1592561090501
1.001, 2.828, 1.496, 43, 1592561090595
0.952, 2.854, 1.607, 50, 1592561090695
0.973, 2.843, 1.578, 42, 1592561090793
0.989, 2.84, 1.56, 42, 1592561090890
0.986, 2.826, 1.547, 43, 1592561090989
1.008, 2.826, 1.473, 41, 1592561091085
1.014, 2.84, 1.492, 43, 1592561091182
1.025, 2.819, 1.501, 41, 1592561091280
0.979, 2.881, 1.654, 43, 1592561091378
0.984, 2.867, 1.629, 43, 1592561091476
0.978, 2.86, 1.585, 44, 1592561091573
0.995, 2.864, 1.57, 43, 1592561091670
0.961, 2.891, 1.666, 50, 1592561091816
0.971, 2.862, 1.6, 42, 1592561091914
0.956, 2.868, 1.622, 78, 1592561092011
0.965, 2.862, 1.582, 43, 1592561092109
0.993, 2.844, 1.514, 41, 1592561092206
0.989, 2.853, 1.538, 44, 1592561092304
0.977, 2.875, 1.597, 47, 1592561092401
0.953, 2.924, 1.685, 51, 1592561092500
0.968, 2.896, 1.631, 42, 1592561092596
0.93, 2.935, 1.746, 44, 1592561092694
0.897, 2.964, 1.831, 44, 1592561092791
0.89, 2.965, 1.881, 50, 1592561092886
0.926, 2.921, 1.797, 42, 1592561092986
0.945, 2.889, 1.701, 42, 1592561093084
0.962, 2.874, 1.634, 43, 1592561093181
0.995, 2.856, 1.544, 40, 1592561093279
1.006, 2.834, 1.503, 41, 1592561093376
0.96, 2.85, 1.621, 50, 1592561093475
0.975, 2.833, 1.57, 42, 1592561093571
0.97, 2.868, 1.629, 47, 1592561093665
0.969, 2.88, 1.65, 46, 1592561093815
0.99, 2.857, 1.587, 41, 1592561093913
0.992, 2.849, 1.57, 43, 1592561094010
0.979, 2.835, 1.542, 44, 1592561094109
0.948, 2.865, 1.655, 50, 1592561094206
0.954, 2.873, 1.67, 45, 1592561094303
0.958, 2.883, 1.669, 45, 1592561094401
0.951, 2.925, 1.741, 49, 1592561094497
0.965, 2.895, 1.713, 43, 1592561094595
0.936, 2.91, 1.788, 50, 1592561094690
0.921, 2.896, 1.83, 48, 1592561094790
0.912, 2.931, 1.868, 50, 1592561094888
0.918, 2.938, 1.858, 47, 1592561094985
0.904, 2.922, 1.891, 49, 1592561095082
0.934, 2.915, 1.821, 44, 1592561095180
0.954, 2.881, 1.744, 42, 1592561095278
0.971, 2.872, 1.705, 43, 1592561095375
0.982, 2.84, 1.631, 41, 1592561095473
0.99, 2.826, 1.568, 42, 1592561095571
0.999, 2.816, 1.53, 42, 1592561095716
0.992, 2.816, 1.519, 44, 1592561095814
0.996, 2.815, 1.492, 43, 1592561095911
1.01, 2.799, 1.466, 41, 1592561096009
0.99, 2.818, 1.5, 45, 1592561096106
0.983, 2.827, 1.527, 44, 1592561096204
1.001, 2.817, 1.49, 41, 1592561096301
0.989, 2.826, 1.525, 45, 1592561096398
0.999, 2.838, 1.522, 43, 1592561096495
1.016, 2.833, 1.45, 41, 1592561096593
1.006, 2.82, 1.457, 43, 1592561096690
1.014, 2.812, 1.449, 41, 1592561096789
0.976, 2.853, 1.596, 50, 1592561096886
0.976, 2.869, 1.598, 45, 1592561096984
0.993, 2.851, 1.514, 42, 1592561097082
0.993, 2.848, 1.551, 44, 1592561097180
0.983, 2.845, 1.524, 44, 1592561097277
0.998, 2.826, 1.478, 41, 1592561097374
1.001, 2.821, 1.505, 43, 1592561097472
1.005, 2.821, 1.489, 42, 1592561097569
1.018, 2.813, 1.46, 41, 1592561097714
1.021, 2.81, 1.441, 42, 1592561097810
1.025, 2.807, 1.447, 42, 1592561097910
1.014, 2.808, 1.468, 43, 1592561098008
0.976, 2.841, 1.593, 49, 1592561098105
0.974, 2.85, 1.595, 45, 1592561098202
0.983, 2.834, 1.551, 42, 1592561098300
0.992, 2.841, 1.56, 43, 1592561098397
0.956, 2.893, 1.675, 50, 1592561098495
0.941, 2.918, 1.728, 49, 1592561098593
0.947, 2.898, 1.684, 44, 1592561098690
0.967, 2.893, 1.648, 43, 1592561098787
0.941, 2.906, 1.732, 49, 1592561098885
0.951, 2.877, 1.674, 43, 1592561098983
0.965, 2.853, 1.633, 42, 1592561099082
0.966, 2.867, 1.621, 45, 1592561099177
0.972, 2.85, 1.597, 43, 1592561099275
0.945, 2.893, 1.719, 46, 1592561099373
0.94, 2.938, 1.786, 50, 1592561099473
0.968, 2.9, 1.694, 41, 1592561099617
0.982, 2.871, 1.615, 42, 1592561099714
0.973, 2.875, 1.609, 78, 1592561099812
0.99, 2.848, 1.586, 41, 1592561099909
0.989, 2.846, 1.574, 44, 1592561100006
1.008, 2.831, 1.553, 41, 1592561100101
1.009, 2.829, 1.57, 43, 1592561100201
1.012, 2.827, 1.571, 42, 1592561100300
1.011, 2.812, 1.538, 42, 1592561100397
0.996, 2.84, 1.607, 46, 1592561100494
1.0, 2.841, 1.597, 43, 1592561100591
0.959, 2.852, 1.693, 49, 1592561100689
0.933, 2.871, 1.768, 49, 1592561100786
0.957, 2.847, 1.68, 41, 1592561100883
0.952, 2.841, 1.648, 45, 1592561100981
0.965, 2.831, 1.624, 43, 1592561101079
0.982, 2.805, 1.53, 41, 1592561101174
0.988, 2.804, 1.503, 42, 1592561101273
1.003, 2.793, 1.482, 41, 1592561101371
1.01, 2.793, 1.481, 42, 1592561101469
1.023, 2.793, 1.418, 41, 1592561101615
1.013, 2.807, 1.45, 44, 1592561101713
1.019, 2.807, 1.457, 42, 1592561101810
0.992, 2.854, 1.578, 49, 1592561101908
0.995, 2.84, 1.574, 43, 1592561102005
1.011, 2.823, 1.539, 41, 1592561102103
1.017, 2.824, 1.505, 42, 1592561102200
1.016, 2.81, 1.494, 42, 1592561102297
0.976, 2.829, 1.603, 49, 1592561102395
1.001, 2.817, 1.505, 41, 1592561102493
1.006, 2.809, 1.506, 42, 1592561102590
1.004, 2.816, 1.516, 43, 1592561102688
1.004, 2.813, 1.499, 43, 1592561102785
1.014, 2.819, 1.502, 42, 1592561102882
1.006, 2.832, 1.543, 44, 1592561102980
