0.99, 3.89, 1.63 | 1.01, 3.89, 1.60 | 0.03, 0.07, -0.01 | 0.03, 0.07, -0.00
0.99, 3.88, 1.59 | 1.00, 3.89, 1.60 | 0.04, 0.06, -0.02 | 0.03, 0.07, -0.00
0.98, 3.88, 1.59 | 1.00, 3.89, 1.60 | 0.03, 0.05, -0.01 | 0.03, 0.06, -0.00
0.99, 3.88, 1.62 | 1.00, 3.89, 1.60 | 0.03, 0.06, -0.00 | 0.03, 0.06, -0.00
0.99, 3.89, 1.64 | 1.00, 3.89, 1.60 | 0.03, 0.03, -0.01 | 0.03, 0.05, -0.00
0.98, 3.90, 1.66 | 1.00, 3.89, 1.60 | 0.02, 0.04, -0.01 | 0.03, 0.04, -0.00
0.99, 3.90, 1.67 | 1.00, 3.90, 1.60 | 0.02, 0.06, -0.02 | 0.03, 0.05, -0.00
1.01, 3.88, 1.63 | 1.00, 3.90, 1.60 | 0.01, 0.03, -0.00 | 0.03, 0.04, -0.00
1.00, 3.88, 1.58 | 1.00, 3.90, 1.60 | 0.02, 0.03, -0.03 | 0.03, 0.04, -0.00
1.01, 3.88, 1.58 | 1.00, 3.90, 1.60 | 0.02, 0.03, -0.00 | 0.02, 0.04, -0.00
1.01, 3.88, 1.60 | 1.01, 3.90, 1.60 | 0.03, 0.03, -0.01 | 0.03, 0.03, -0.00
1.01, 3.88, 1.63 | 1.01, 3.90, 1.60 | 0.02, 0.02, -0.02 | 0.02, 0.03, -0.00
1.01, 3.88, 1.63 | 1.01, 3.90, 1.60 | 0.01, 0.02, -0.02 | 0.02, 0.03, -0.00
1.01, 3.89, 1.65 | 1.01, 3.90, 1.60 | 0.00, 0.01, -0.00 | 0.02, 0.02, 0.00
1.01, 3.88, 1.66 | 1.01, 3.90, 1.60 | 0.02, 0.03, -0.01 | 0.02, 0.02, 0.00
1.02, 3.88, 1.64 | 1.02, 3.90, 1.60 | -0.00, 0.01, -0.01 | 0.02, 0.02, 0.00
1.03, 3.88, 1.61 | 1.02, 3.90, 1.60 | -0.00, 0.01, -0.01 | 0.02, 0.02, 0.00
1.04, 3.87, 1.58 | 1.03, 3.90, 1.60 | 0.02, 0.02, -0.02 | 0.02, 0.02, 0.00
1.03, 3.88, 1.61 | 1.03, 3.90, 1.60 | 0.02, 0.02, -0.00 | 0.02, 0.02, 0.00
1.03, 3.88, 1.63 | 1.03, 3.90, 1.60 | 0.01, 0.01, -0.00 | 0.02, 0.02, 0.00
1.02, 3.88, 1.62 | 1.03, 3.90, 1.60 | -0.00, 0.01, -0.01 | 0.02, 0.02, 0.00
1.02, 3.89, 1.63 | 1.03, 3.90, 1.60 | 0.00, 0.01, -0.02 | 0.01, 0.02, 0.00
1.02, 3.90, 1.60 | 1.03, 3.90, 1.60 | 0.00, 0.01, -0.02 | 0.01, 0.01, 0.00
1.00, 3.89, 1.58 | 1.03, 3.90, 1.60 | 0.01, 0.02, -0.01 | 0.01, 0.02, 0.00
1.01, 3.89, 1.57 | 1.03, 3.90, 1.60 | -0.00, 0.00, -0.01 | 0.01, 0.01, 0.00
1.01, 3.88, 1.59 | 1.03, 3.90, 1.60 | -0.01, -0.00, -0.00 | 0.01, 0.01, 0.00
1.01, 3.89, 1.58 | 1.03, 3.90, 1.60 | 0.01, 0.00, -0.01 | 0.01, 0.01, -0.00
1.01, 3.90, 1.61 | 1.03, 3.91, 1.60 | -0.01, 0.00, -0.00 | 0.01, 0.01, 0.00
1.01, 3.89, 1.59 | 1.03, 3.91, 1.60 | 0.00, -0.01, -0.01 | 0.01, 0.01, -0.00
1.00, 3.90, 1.64 | 1.03, 3.91, 1.60 | -0.00, 0.02, -0.01 | 0.01, 0.01, 0.00
0.99, 3.90, 1.62 | 1.03, 3.91, 1.60 | 0.00, 0.02, -0.00 | 0.01, 0.01, 0.00
1.01, 3.89, 1.58 | 1.03, 3.91, 1.60 | 0.01, 0.01, -0.01 | 0.01, 0.01, 0.00
1.01, 3.89, 1.63 | 1.03, 3.91, 1.60 | 0.00, 0.00, -0.02 | 0.01, 0.01, 0.00
1.02, 3.88, 1.62 | 1.03, 3.91, 1.60 | 0.03, 0.00, -0.01 | 0.01, 0.01, 0.00
1.01, 3.89, 1.66 | 1.03, 3.91, 1.60 | 0.00, 0.00, -0.01 | 0.01, 0.01, 0.00
1.01, 3.90, 1.67 | 1.03, 3.91, 1.60 | -0.01, 0.01, -0.01 | 0.01, 0.01, 0.00
1.01, 3.91, 1.67 | 1.03, 3.91, 1.60 | 0.01, -0.01, -0.01 | 0.01, 0.00, 0.00
1.01, 3.91, 1.70 | 1.03, 3.91, 1.60 | 0.01, 0.01, -0.00 | 0.01, 0.01, 0.00
1.00, 3.91, 1.70 | 1.03, 3.92, 1.60 | 0.00, -0.01, -0.01 | 0.01, 0.00, 0.00
1.00, 3.91, 1.67 | 1.03, 3.92, 1.60 | 0.00, 0.00, -0.00 | 0.01, 0.00, 0.00
1.00, 3.91, 1.65 | 1.03, 3.92, 1.60 | 0.00, -0.00, -0.01 | 0.01, 0.00, 0.00
1.01, 3.92, 1.62 | 1.03, 3.92, 1.60 | 0.01, 0.01, 0.00 | 0.01, 0.00, 0.00
1.00, 3.92, 1.65 | 1.03, 3.92, 1.60 | -0.01, -0.01, -0.01 | 0.01, 0.00, 0.00
1.01, 3.91, 1.63 | 1.03, 3.92, 1.60 | 0.01, 0.00, -0.00 | 0.01, 0.00, 0.00
1.01, 3.91, 1.65 | 1.03, 3.93, 1.60 | 0.01, 0.01, -0.00 | 0.01, 0.00, 0.00
1.00, 3.91, 1.68 | 1.03, 3.93, 1.60 | 0.00, 0.02, -0.02 | 0.01, 0.01, 0.00
1.00, 3.90, 1.65 | 1.03, 3.93, 1.60 | 0.00, 0.01, -0.02 | 0.01, 0.01, 0.00
1.01, 3.90, 1.60 | 1.03, 3.93, 1.60 | 0.01, -0.00, -0.02 | 0.01, 0.00, 0.00
1.01, 3.90, 1.59 | 1.03, 3.93, 1.60 | 0.02, 0.00, 0.01 | 0.01, 0.00, 0.00
1.01, 3.90, 1.59 | 1.03, 3.93, 1.60 | -0.00, -0.01, 0.01 | 0.01, 0.00, 0.00
1.00, 3.90, 1.62 | 1.03, 3.93, 1.60 | 0.01, 0.01, -0.00 | 0.01, 0.00, 0.00
1.00, 3.89, 1.62 | 1.03, 3.93, 1.60 | 0.01, -0.00, -0.01 | 0.01, 0.00, 0.00
1.02, 3.89, 1.59 | 1.03, 3.93, 1.60 | 0.00, 0.01, -0.00 | 0.01, 0.00, 0.00
1.03, 3.87, 1.54 | 1.03, 3.92, 1.60 | 0.00, 0.01, 0.00 | 0.01, 0.00, 0.00
1.03, 3.88, 1.56 | 1.03, 3.92, 1.60 | 0.00, 0.00, -0.00 | 0.01, 0.00, 0.00
1.03, 3.87, 1.55 | 1.03, 3.92, 1.60 | 0.00, 0.01, -0.00 | 0.01, 0.00, 0.00
1.03, 3.87, 1.54 | 1.03, 3.92, 1.60 | -0.01, 0.00, -0.00 | 0.01, 0.00, 0.00
1.02, 3.88, 1.56 | 1.03, 3.92, 1.60 | 0.01, 0.01, -0.02 | 0.01, 0.01, 0.00
1.00, 3.89, 1.63 | 1.03, 3.92, 1.60 | 0.00, 0.00, -0.00 | 0.01, 0.00, 0.00
1.00, 3.91, 1.65 | 1.03, 3.92, 1.60 | 0.00, -0.00, -0.02 | 0.00, 0.00, 0.00
1.00, 3.90, 1.69 | 1.03, 3.92, 1.60 | 0.01, 0.01, -0.02 | 0.01, 0.01, 0.00
0.99, 3.91, 1.69 | 1.03, 3.92, 1.60 | 0.01, 0.02, -0.02 | 0.01, 0.01, 0.00
1.00, 3.91, 1.65 | 1.03, 3.92, 1.60 | 0.01, 0.01, -0.01 | 0.01, 0.01, 0.00
1.00, 3.91, 1.67 | 1.03, 3.93, 1.60 | 0.00, 0.00, -0.02 | 0.00, 0.01, 0.00
1.01, 3.89, 1.63 | 1.03, 3.93, 1.60 | 0.00, 0.01, -0.00 | 0.00, 0.01, 0.00
1.02, 3.88, 1.59 | 1.03, 3.93, 1.60 | 0.01, 0.02, -0.01 | 0.01, 0.01, 0.00
1.01, 3.88, 1.60 | 1.03, 3.93, 1.60 | 0.02, 0.02, -0.00 | 0.01, 0.01, 0.00
1.00, 3.88, 1.62 | 1.03, 3.93, 1.60 | 0.01, 0.01, -0.00 | 0.01, 0.01, 0.00
0.99, 3.90, 1.65 | 1.03, 3.93, 1.60 | -0.01, -0.00, 0.00 | 0.00, 0.01, 0.00
0.98, 3.90, 1.65 | 1.03, 3.93, 1.60 | 0.00, -0.01, -0.02 | 0.00, 0.01, 0.00
0.98, 3.88, 1.61 | 1.03, 3.93, 1.60 | 0.00, 0.01, 0.00 | 0.00, 0.01, 0.00
1.01, 3.86, 1.55 | 1.03, 3.92, 1.60 | -0.00, -0.01, -0.01 | 0.00, 0.00, 0.00
1.02, 3.83, 1.49 | 1.03, 3.92, 1.60 | -0.01, 0.02, -0.00 | 0.00, 0.01, 0.00
1.04, 3.84, 1.48 | 1.03, 3.92, 1.60 | -0.00, 0.00, -0.01 | 0.00, 0.01, 0.00
1.05, 3.84, 1.44 | 1.03, 3.92, 1.60 | -0.01, 0.00, -0.02 | 0.00, 0.00, 0.00
1.06, 3.84, 1.42 | 1.04, 3.91, 1.60 | 0.02, -0.01, -0.00 | 0.00, 0.00, -0.00
1.07, 3.83, 1.43 | 1.04, 3.91, 1.60 | 0.01, 0.02, -0.01 | 0.00, 0.01, -0.00
1.07, 3.84, 1.44 | 1.04, 3.91, 1.60 | 0.01, -0.02, -0.01 | 0.00, 0.00, -0.00
1.07, 3.84, 1.43 | 1.05, 3.91, 1.60 | -0.00, 0.02, 0.01 | 0.00, 0.00, -0.00
1.06, 3.84, 1.47 | 1.05, 3.90, 1.60 | 0.01, 0.00, -0.02 | 0.00, 0.00, -0.00
1.08, 3.83, 1.41 | 1.05, 3.90, 1.60 | -0.01, 0.01, -0.00 | 0.00, 0.00, -0.00
1.07, 3.83, 1.40 | 1.06, 3.90, 1.60 | 0.01, 0.01, -0.01 | 0.00, 0.01, -0.00
1.07, 3.84, 1.42 | 1.06, 3.90, 1.60 | 0.00, 0.01, -0.00 | 0.00, 0.01, -0.00
1.07, 3.83, 1.41 | 1.06, 3.90, 1.60 | 0.01, 0.03, -0.00 | 0.00, 0.01, -0.00
1.05, 3.85, 1.47 | 1.06, 3.89, 1.60 | 0.00, -0.01, 0.01 | 0.00, 0.01, -0.00
1.03, 3.87, 1.53 | 1.06, 3.89, 1.60 | 0.00, -0.00, -0.00 | 0.00, 0.00, -0.00
1.02, 3.88, 1.56 | 1.06, 3.89, 1.60 | 0.01, -0.01, -0.01 | 0.00, 0.00, -0.00
1.02, 3.89, 1.54 | 1.06, 3.90, 1.60 | 0.01, 0.02, -0.00 | 0.00, 0.01, -0.00
1.02, 3.89, 1.59 | 1.06, 3.90, 1.60 | -0.00, 0.02, -0.00 | 0.00, 0.01, -0.00
1.02, 3.88, 1.55 | 1.06, 3.90, 1.60 | -0.00, 0.01, -0.00 | 0.00, 0.01, -0.00
1.03, 3.88, 1.60 | 1.06, 3.90, 1.60 | -0.00, -0.01, -0.03 | 0.00, 0.00, -0.00
1.04, 3.88, 1.58 | 1.06, 3.90, 1.60 | 0.00, 0.01, -0.00 | 0.00, 0.00, -0.00
1.04, 3.87, 1.55 | 1.06, 3.90, 1.60 | 0.02, 0.01, -0.02 | 0.00, 0.01, -0.00
1.03, 3.87, 1.58 | 1.06, 3.90, 1.60 | -0.01, 0.01, -0.02 | 0.00, 0.01, -0.00
1.03, 3.87, 1.55 | 1.06, 3.90, 1.60 | 0.01, 0.01, -0.02 | 0.00, 0.01, -0.00
1.03, 3.89, 1.61 | 1.06, 3.90, 1.60 | -0.01, 0.01, -0.00 | 0.00, 0.01, -0.00
1.01, 3.91, 1.65 | 1.06, 3.90, 1.60 | -0.01, -0.01, -0.01 | 0.00, 0.01, -0.00
1.01, 3.89, 1.62 | 1.06, 3.90, 1.60 | -0.01, -0.01, -0.01 | 0.00, 0.00, -0.00
1.01, 3.90, 1.65 | 1.06, 3.91, 1.60 | 0.01, 0.01, -0.02 | 0.00, 0.00, -0.00
1.01, 3.89, 1.63 | 1.06, 3.91, 1.60 | 0.01, -0.00, -0.01 | 0.00, 0.00, -0.00
0.99, 3.91, 1.67 | 1.05, 3.91, 1.60 | -0.00, 0.01, -0.01 | 0.00, 0.00, -0.00
1.00, 3.91, 1.66 | 1.05, 3.91, 1.60 | 0.00, -0.01, 0.00 | 0.00, 0.00, -0.00
1.00, 3.92, 1.70 | 1.05, 3.91, 1.60 | 0.00, 0.01, 0.00 | 0.00, 0.00, -0.00
0.98, 3.92, 1.69 | 1.05, 3.92, 1.60 | 0.02, 0.01, -0.01 | 0.00, 0.00, -0.00
0.98, 3.93, 1.70 | 1.04, 3.92, 1.60 | -0.00, 0.01, -0.00 | 0.00, 0.00, -0.00
0.98, 3.93, 1.68 | 1.04, 3.92, 1.60 | 0.01, 0.02, 0.00 | 0.00, 0.01, -0.00
0.98, 3.93, 1.69 | 1.04, 3.93, 1.60 | -0.00, 0.01, -0.01 | 0.00, 0.01, -0.00
0.99, 3.93, 1.67 | 1.03, 3.93, 1.60 | 0.01, -0.00, -0.02 | 0.00, 0.01, -0.00
0.99, 3.91, 1.66 | 1.03, 3.93, 1.60 | -0.00, -0.00, -0.00 | 0.00, 0.00, -0.00
1.00, 3.91, 1.67 | 1.03, 3.93, 1.60 | 0.02, 0.01, -0.02 | 0.00, 0.01, -0.00
1.00, 3.91, 1.69 | 1.03, 3.93, 1.60 | 0.02, -0.00, -0.01 | 0.00, 0.00, -0.00
1.00, 3.91, 1.70 | 1.03, 3.93, 1.60 | 0.00, -0.01, -0.00 | 0.00, 0.00, -0.00
1.01, 3.90, 1.66 | 1.03, 3.93, 1.60 | -0.01, -0.00, -0.00 | 0.00, 0.00, -0.00
1.01, 3.89, 1.63 | 1.03, 3.93, 1.60 | -0.00, 0.01, 0.01 | 0.00, 0.00, -0.00
1.01, 3.89, 1.63 | 1.03, 3.93, 1.60 | 0.01, -0.00, -0.01 | 0.00, 0.00, -0.00
1.03, 3.92, 1.54 | 1.03, 3.93, 1.60 | -0.00, 0.00, 0.01 | 0.00, 0.00, -0.00
1.04, 3.91, 1.60 | 1.03, 3.93, 1.60 | 0.01, 0.00, -0.01 | 0.00, 0.00, -0.00
1.04, 3.90, 1.59 | 1.03, 3.93, 1.60 | 0.02, 0.01, -0.01 | 0.00, 0.00, -0.00
1.05, 3.89, 1.63 | 1.03, 3.93, 1.60 | -0.01, -0.02, -0.02 | 0.00, -0.00, -0.00
1.04, 3.90, 1.67 | 1.04, 3.93, 1.60 | 0.01, -0.03, 0.00 | 0.00, -0.01, -0.00
1.04, 3.89, 1.63 | 1.04, 3.93, 1.60 | -0.02, 0.00, 0.00 | 0.00, -0.00, -0.00
1.03, 3.90, 1.62 | 1.04, 3.93, 1.60 | 0.01, 0.01, -0.00 | 0.00, -0.00, 0.00
1.02, 3.91, 1.64 | 1.03, 3.93, 1.60 | -0.01, -0.01, 0.01 | 0.00, -0.00, 0.00
1.02, 3.90, 1.62 | 1.04, 3.93, 1.60 | 0.01, 0.01, -0.02 | 0.00, -0.00, 0.00
1.01, 3.90, 1.64 | 1.03, 3.93, 1.60 | -0.01, -0.01, -0.01 | 0.00, -0.00, 0.00
1.01, 3.91, 1.66 | 1.03, 3.93, 1.60 | 0.00, -0.01, 0.01 | 0.00, -0.00, 0.00
1.00, 3.91, 1.70 | 1.03, 3.93, 1.60 | 0.01, -0.00, 0.00 | 0.00, -0.00, 0.00
1.00, 3.91, 1.69 | 1.03, 3.93, 1.61 | 0.02, 0.00, -0.01 | 0.00, -0.00, 0.00
0.99, 3.91, 1.71 | 1.03, 3.93, 1.61 | -0.01, -0.01, -0.02 | 0.00, -0.00, 0.00
0.99, 3.91, 1.75 | 1.03, 3.93, 1.61 | -0.00, -0.02, -0.01 | 0.00, -0.01, 0.00
0.99, 3.91, 1.74 | 1.02, 3.93, 1.61 | -0.00, -0.01, -0.01 | 0.00, -0.01, 0.00
1.00, 3.91, 1.74 | 1.02, 3.93, 1.61 | 0.01, 0.01, -0.02 | 0.00, -0.00, 0.00
0.99, 3.91, 1.74 | 1.02, 3.93, 1.61 | -0.01, 0.02, -0.01 | 0.00, 0.00, 0.00
1.01, 3.89, 1.70 | 1.02, 3.93, 1.61 | 0.00, -0.00, -0.00 | 0.00, 0.00, 0.00
1.00, 3.90, 1.66 | 1.02, 3.93, 1.61 | 0.01, 0.00, -0.02 | 0.00, 0.00, 0.00
0.98, 3.92, 1.70 | 1.02, 3.93, 1.62 | 0.01, -0.00, -0.03 | 0.00, 0.00, 0.00
0.99, 3.92, 1.70 | 1.02, 3.93, 1.62 | -0.00, -0.02, -0.01 | 0.00, -0.00, 0.00
1.01, 3.92, 1.73 | 1.02, 3.93, 1.62 | 0.01, -0.00, -0.01 | 0.00, -0.00, 0.00
0.99, 3.93, 1.75 | 1.01, 3.93, 1.62 | -0.00, 0.01, -0.01 | 0.00, -0.00, 0.00
0.99, 3.94, 1.77 | 1.01, 3.94, 1.62 | -0.02, 0.02, -0.01 | 0.00, 0.00, 0.00
1.00, 3.94, 1.75 | 1.01, 3.94, 1.62 | 0.01, -0.00, -0.01 | 0.00, -0.00, 0.00
1.00, 3.94, 1.74 | 1.01, 3.94, 1.63 | 0.00, -0.00, -0.01 | 0.00, -0.00, 0.00
0.99, 3.93, 1.76 | 1.01, 3.94, 1.63 | 0.01, 0.01, -0.01 | 0.00, 0.00, 0.00
0.98, 3.93, 1.77 | 1.01, 3.94, 1.63 | 0.01, 0.01, 0.01 | 0.00, 0.00, 0.00
0.95, 3.93, 1.81 | 1.00, 3.94, 1.63 | -0.00, -0.01, -0.02 | 0.00, 0.00, 0.00
0.94, 3.96, 1.82 | 1.00, 3.94, 1.64 | 0.00, -0.00, -0.00 | 0.00, -0.00, 0.00
0.93, 3.96, 1.81 | 1.00, 3.94, 1.64 | 0.00, 0.00, -0.01 | 0.00, 0.00, 0.00
0.93, 3.96, 1.82 | 0.99, 3.94, 1.64 | -0.00, 0.01, -0.00 | 0.00, 0.00, 0.00
0.93, 3.94, 1.83 | 0.99, 3.95, 1.64 | 0.00, 0.01, -0.01 | -0.00, 0.00, 0.00
0.93, 3.94, 1.83 | 0.98, 3.95, 1.65 | -0.00, -0.01, 0.00 | -0.00, 0.00, 0.00
0.95, 3.93, 1.81 | 0.98, 3.95, 1.65 | -0.00, -0.02, -0.02 | -0.00, -0.00, 0.00
0.97, 3.91, 1.74 | 0.98, 3.94, 1.65 | -0.01, -0.00, 0.00 | -0.00, -0.00, 0.00
0.99, 3.89, 1.70 | 0.98, 3.94, 1.65 | 0.00, -0.01, -0.01 | -0.00, -0.00, 0.00
0.99, 3.89, 1.68 | 0.98, 3.94, 1.66 | -0.01, -0.01, -0.02 | -0.00, -0.00, 0.00
0.99, 3.90, 1.69 | 0.98, 3.94, 1.66 | -0.00, -0.00, 0.01 | -0.00, -0.00, 0.00
1.00, 3.91, 1.71 | 0.98, 3.94, 1.66 | -0.01, -0.02, 0.00 | -0.00, -0.01, 0.00
0.99, 3.91, 1.69 | 0.98, 3.94, 1.66 | -0.02, -0.01, -0.00 | -0.00, -0.01, 0.00
0.99, 3.91, 1.71 | 0.98, 3.94, 1.66 | 0.01, 0.00, -0.01 | -0.00, -0.01, 0.00
0.99, 3.92, 1.70 | 0.98, 3.94, 1.66 | -0.01, 0.01, 0.00 | -0.00, -0.00, 0.00
1.00, 3.92, 1.66 | 0.98, 3.93, 1.66 | -0.00, -0.00, -0.01 | -0.00, -0.00, 0.00
0.99, 3.91, 1.66 | 0.98, 3.93, 1.66 | 0.01, -0.00, -0.01 | -0.00, -0.00, 0.00
0.99, 3.90, 1.63 | 0.98, 3.93, 1.66 | 0.01, 0.00, -0.00 | -0.00, -0.00, 0.00
0.98, 3.91, 1.68 | 0.98, 3.93, 1.66 | 0.00, 0.00, 0.01 | -0.00, -0.00, 0.00
1.00, 3.91, 1.70 | 0.98, 3.93, 1.67 | -0.00, -0.01, -0.01 | -0.00, -0.00, 0.00
0.99, 3.91, 1.72 | 0.98, 3.93, 1.67 | 0.00, 0.01, 0.00 | -0.00, -0.00, 0.00
0.98, 3.91, 1.73 | 0.98, 3.93, 1.67 | 0.01, -0.01, 0.00 | 0.00, -0.00, 0.00
0.98, 3.91, 1.71 | 0.98, 3.93, 1.67 | 0.01, 0.01, -0.01 | 0.00, -0.00, 0.00
0.97, 3.92, 1.69 | 0.98, 3.93, 1.67 | 0.03, 0.02, 0.00 | 0.00, 0.00, 0.00
0.98, 3.93, 1.66 | 0.98, 3.93, 1.67 | 0.00, 0.00, -0.02 | 0.00, 0.00, 0.00
0.98, 3.93, 1.67 | 0.98, 3.93, 1.67 | -0.00, 0.01, -0.02 | 0.00, 0.00, 0.00
0.97, 3.94, 1.72 | 0.98, 3.93, 1.68 | -0.00, 0.01, -0.01 | 0.00, 0.00, 0.00
0.96, 3.93, 1.75 | 0.98, 3.93, 1.68 | 0.02, 0.01, -0.02 | 0.00, 0.00, 0.00
0.96, 3.92, 1.77 | 0.98, 3.93, 1.68 | 0.00, 0.02, -0.01 | 0.00, 0.01, 0.00
0.97, 3.92, 1.77 | 0.97, 3.93, 1.68 | -0.01, -0.02, -0.01 | 0.00, 0.00, 0.00
0.97, 3.92, 1.76 | 0.97, 3.93, 1.68 | 0.02, 0.02, -0.01 | 0.00, 0.01, 0.00
0.98, 3.92, 1.74 | 0.97, 3.93, 1.69 | -0.02, 0.00, -0.01 | 0.00, 0.01, 0.00
0.99, 3.93, 1.72 | 0.97, 3.93, 1.69 | -0.01, -0.00, -0.02 | 0.00, 0.00, 0.00
0.98, 3.94, 1.71 | 0.97, 3.93, 1.69 | -0.00, 0.00, -0.01 | 0.00, 0.00, 0.00
0.98, 3.93, 1.67 | 0.97, 3.93, 1.69 | 0.00, 0.01, -0.02 | 0.00, 0.01, 0.00
0.98, 3.94, 1.71 | 0.97, 3.93, 1.69 | 0.01, -0.01, -0.01 | 0.00, 0.00, 0.00
0.98, 3.95, 1.74 | 0.97, 3.93, 1.69 | -0.01, 0.00, -0.01 | 0.00, 0.00, 0.00
0.98, 3.95, 1.74 | 0.97, 3.93, 1.69 | 0.01, -0.02, -0.00 | 0.00, -0.00, 0.00
0.99, 3.96, 1.72 | 0.98, 3.94, 1.70 | 0.02, 0.00, -0.02 | 0.00, -0.00, 0.00
0.98, 3.96, 1.75 | 0.98, 3.94, 1.70 | 0.01, 0.01, -0.01 | 0.00, 0.00, 0.00
0.97, 3.95, 1.76 | 0.98, 3.94, 1.70 | 0.01, 0.01, 0.00 | 0.00, 0.00, 0.00
0.96, 3.96, 1.73 | 0.98, 3.94, 1.70 | -0.01, 0.00, -0.00 | 0.00, 0.00, 0.00
0.97, 3.95, 1.74 | 0.98, 3.94, 1.70 | 0.01, -0.01, 0.01 | 0.00, 0.00, 0.00
0.98, 3.95, 1.73 | 0.98, 3.94, 1.71 | 0.01, 0.01, -0.00 | 0.00, 0.00, 0.00
0.99, 3.93, 1.69 | 0.98, 3.94, 1.71 | -0.01, 0.00, -0.01 | 0.00, 0.00, 0.00
0.98, 3.93, 1.73 | 0.98, 3.94, 1.71 | 0.01, 0.02, -0.01 | 0.00, 0.00, 0.00
1.00, 3.93, 1.71 | 0.98, 3.94, 1.71 | 0.01, 0.02, -0.01 | 0.00, 0.01, 0.00
0.99, 3.93, 1.70 | 0.98, 3.94, 1.71 | -0.01, 0.01, -0.01 | 0.00, 0.01, 0.00
0.99, 3.92, 1.66 | 0.98, 3.94, 1.71 | 0.01, 0.00, 0.01 | 0.00, 0.01, 0.00
0.99, 3.92, 1.67 | 0.98, 3.94, 1.71 | -0.00, 0.01, 0.00 | 0.00, 0.01, 0.00
0.98, 3.92, 1.70 | 0.98, 3.94, 1.71 | -0.01, -0.01, -0.01 | 0.00, 0.00, 0.00
0.98, 3.92, 1.72 | 0.98, 3.94, 1.71 | 0.01, 0.01, 0.00 | 0.00, 0.00, 0.00
0.98, 3.92, 1.69 | 0.98, 3.94, 1.71 | -0.01, -0.00, -0.02 | 0.00, 0.00, 0.00
0.98, 3.91, 1.68 | 0.98, 3.94, 1.71 | 0.00, -0.01, 0.01 | 0.00, 0.00, 0.00
0.99, 3.92, 1.70 | 0.98, 3.94, 1.71 | 0.00, 0.00, -0.00 | 0.00, 0.00, 0.00
0.97, 3.95, 1.73 | 0.98, 3.94, 1.72 | 0.01, 0.00, -0.03 | 0.00, 0.00, 0.00
0.97, 3.94, 1.72 | 0.98, 3.94, 1.72 | 0.01, 0.01, -0.01 | 0.00, 0.00, 0.00
0.97, 3.94, 1.70 | 0.98, 3.94, 1.72 | -0.00, -0.01, -0.01 | 0.00, 0.00, 0.00
0.98, 3.93, 1.72 | 0.98, 3.94, 1.72 | 0.00, -0.00, -0.01 | 0.00, 0.00, 0.00
0.97, 3.93, 1.76 | 0.98, 3.94, 1.72 | 0.01, -0.02, -0.00 | 0.00, -0.00, 0.00
0.98, 3.95, 1.77 | 0.98, 3.94, 1.72 | 0.00, -0.01, -0.01 | 0.00, -0.00, 0.00
0.96, 3.95, 1.76 | 0.98, 3.94, 1.72 | 0.02, -0.02, 0.00 | 0.00, -0.01, 0.00
0.96, 3.96, 1.75 | 0.98, 3.95, 1.73 | 0.00, -0.01, -0.02 | 0.00, -0.01, 0.00
0.96, 3.96, 1.78 | 0.98, 3.95, 1.73 | -0.01, 0.00, -0.00 | 0.00, -0.01, 0.00
0.95, 3.96, 1.78 | 0.98, 3.95, 1.73 | 0.00, -0.00, 0.01 | 0.00, -0.00, 0.00
0.95, 3.96, 1.77 | 0.98, 3.95, 1.73 | 0.01, 0.01, 0.01 | 0.00, -0.00, 0.00
0.95, 3.96, 1.75 | 0.98, 3.95, 1.73 | 0.01, 0.01, 0.01 | 0.00, -0.00, 0.00
0.96, 3.95, 1.74 | 0.97, 3.95, 1.74 | -0.00, 0.00, -0.00 | 0.00, 0.00, 0.00
0.96, 3.95, 1.74 | 0.97, 3.95, 1.74 | -0.01, 0.02, -0.01 | 0.00, 0.00, 0.00
0.96, 3.94, 1.73 | 0.97, 3.95, 1.74 | 0.00, -0.02, -0.02 | 0.00, -0.00, 0.00
0.96, 3.93, 1.74 | 0.97, 3.95, 1.74 | 0.03, 0.00, -0.01 | 0.00, 0.00, 0.00
0.96, 3.93, 1.73 | 0.97, 3.95, 1.74 | 0.00, 0.01, 0.01 | 0.00, 0.00, 0.00
0.97, 3.92, 1.72 | 0.97, 3.95, 1.74 | 0.02, -0.00, 0.00 | 0.00, 0.00, 0.00
0.97, 3.93, 1.70 | 0.97, 3.95, 1.74 | -0.01, 0.00, -0.01 | 0.00, 0.00, 0.00
0.98, 3.93, 1.67 | 0.97, 3.95, 1.74 | 0.00, 0.00, -0.01 | 0.00, 0.00, 0.00
0.96, 3.93, 1.73 | 0.97, 3.95, 1.74 | 0.00, 0.00, 0.01 | 0.00, 0.00, 0.00
0.95, 3.94, 1.73 | 0.97, 3.95, 1.74 | 0.01, -0.02, 0.03 | 0.00, -0.00, 0.00
0.96, 3.94, 1.71 | 0.97, 3.95, 1.74 | -0.02, 0.00, 0.01 | 0.00, -0.00, 0.00
0.96, 3.93, 1.75 | 0.97, 3.95, 1.75 | -0.00, 0.00, -0.01 | 0.00, -0.00, 0.00
0.97, 3.92, 1.74 | 0.97, 3.95, 1.75 | 0.00, -0.01, -0.01 | 0.00, -0.00, 0.00
0.98, 3.93, 1.75 | 0.97, 3.95, 1.75 | 0.01, 0.00, -0.01 | 0.00, -0.00, 0.00
0.98, 3.93, 1.77 | 0.97, 3.95, 1.75 | 0.00, -0.00, -0.01 | 0.00, -0.00, 0.00
0.97, 3.94, 1.76 | 0.97, 3.95, 1.75 | 0.02, 0.01, -0.02 | 0.00, -0.00, 0.00
0.96, 3.93, 1.76 | 0.97, 3.95, 1.75 | 0.01, -0.02, -0.01 | 0.00, -0.00, 0.00
0.96, 3.91, 1.69 | 0.97, 3.94, 1.75 | 0.02, 0.00, -0.01 | 0.00, -0.00, 0.00
0.97, 3.94, 1.68 | 0.97, 3.94, 1.75 | 0.01, 0.01, -0.00 | 0.00, 0.00, 0.00
0.97, 3.99, 1.69 | 0.97, 3.95, 1.75 | 0.00, 0.01, -0.01 | 0.00, 0.00, 0.00
0.96, 4.01, 1.66 | 0.97, 3.95, 1.75 | 0.01, -0.10, -0.02 | 0.00, -0.05, 0.00
0.98, 4.03, 1.61 | 0.97, 3.95, 1.75 | -0.02, -0.05, 0.04 | 0.00, -0.05, 0.00
0.98, 4.03, 1.58 | 0.98, 3.96, 1.75 | 0.01, 0.03, -0.02 | 0.00, -0.02, 0.00
1.01, 4.09, 1.40 | 0.98, 3.96, 1.74 | 0.01, 0.02, -0.01 | 0.00, -0.01, 0.00
1.02, 4.15, 1.26 | 0.98, 3.98, 1.74 | -0.02, 0.17, -0.08 | -0.00, 0.14, 0.00
1.07, 4.17, 1.26 | 0.99, 3.99, 1.73 | 0.04, 0.12, -0.01 | 0.01, 0.12, 0.00
1.05, 4.17, 1.34 | 1.00, 4.03, 1.72 | 0.16, -0.41, 0.40 | 0.11, -0.39, 0.00
1.10, 4.19, 1.33 | 1.07, 4.15, 1.72 | 0.18, -2.67, 0.36 | 0.18, -2.67, 0.00
1.08, 4.23, 1.39 | 1.07, 4.21, 1.71 | 0.47, -1.35, 2.36 | 0.46, -1.35, 0.00
1.10, 4.17, 1.34 | 1.09, 4.17, 1.68 | 1.42, -0.71, 0.68 | 1.37, -0.71, 0.00
1.15, 4.13, 1.26 | 1.12, 4.13, 1.65 | 0.41, -0.55, -0.07 | 0.63, -0.55, 0.00
1.22, 4.08, 1.15 | 1.18, 4.08, 1.61 | -0.05, -0.82, -0.30 | 0.07, -0.82, 0.00
1.26, 4.03, 1.10 | 1.24, 4.03, 1.56 | -0.68, -0.78, -0.60 | -0.60, -0.78, 0.00
1.29, 3.94, 1.05 | 1.28, 3.95, 1.51 | -0.18, -0.40, -0.37 | -0.30, -0.41, 0.00
1.37, 3.89, 1.06 | 1.35, 3.89, 1.42 | -0.28, -1.83, 1.85 | -0.28, -1.83, 0.00
1.40, 3.79, 1.17 | 1.40, 3.79, 1.36 | -2.43, 0.58, 0.41 | -2.37, 0.58, 0.00
1.42, 3.65, 1.18 | 1.41, 3.66, 1.32 | -1.70, 1.30, -0.83 | -1.73, 1.29, 0.00
1.46, 3.53, 1.24 | 1.44, 3.54, 1.30 | -1.19, 1.73, -0.59 | -1.22, 1.73, 0.00
1.53, 3.41, 1.35 | 1.49, 3.43, 1.31 | 0.13, 1.66, -0.82 | 0.06, 1.66, 0.00
1.57, 3.08, 1.80 | 1.52, 3.21, 1.41 | 0.37, -0.13, -0.75 | 0.31, -0.10, 0.00
1.57, 3.02, 1.68 | 1.54, 3.06, 1.46 | 0.36, 0.78, -0.99 | 0.35, 0.77, 0.00
1.58, 2.96, 1.64 | 1.57, 2.96, 1.51 | 1.25, -2.22, 1.00 | 1.22, -2.21, 0.00
1.57, 2.87, 1.55 | 1.57, 2.87, 1.52 | -0.04, 1.29, 0.61 | 0.07, 1.27, 0.00
1.51, 2.74, 1.41 | 1.54, 2.75, 1.49 | 0.82, -1.42, -0.45 | 0.77, -1.41, 0.00
1.44, 2.67, 1.38 | 1.49, 2.67, 1.47 | 0.85, -0.66, 0.29 | 0.84, -0.66, 0.00
1.46, 2.65, 1.43 | 1.48, 2.62, 1.46 | 0.97, -0.87, 0.00 | 0.96, -0.87, 0.00
1.46, 2.61, 1.48 | 1.48, 2.58, 1.47 | -0.02, 0.56, 1.89 | 0.03, 0.56, 0.00
1.48, 2.55, 1.51 | 1.49, 2.52, 1.48 | -0.29, -0.44, -1.09 | -0.26, -0.43, 0.00
1.48, 2.47, 1.55 | 1.49, 2.46, 1.49 | -1.33, 0.54, -0.21 | -1.25, 0.53, 0.00
1.47, 2.41, 1.63 | 1.48, 2.39, 1.51 | 0.02, 0.56, -1.04 | -0.12, 0.56, 0.00
1.49, 2.38, 1.66 | 1.49, 2.34, 1.53 | 0.02, -0.22, -0.19 | -0.04, -0.15, 0.00
1.48, 2.30, 1.69 | 1.49, 2.28, 1.55 | 0.15, -0.49, -0.26 | 0.09, -0.48, 0.00
1.47, 2.23, 1.67 | 1.48, 2.22, 1.57 | 0.42, -0.51, 0.88 | 0.37, -0.51, 0.00
1.48, 2.18, 1.68 | 1.48, 2.16, 1.58 | 0.95, -0.78, 0.26 | 0.89, -0.78, 0.00
1.50, 2.12, 1.66 | 1.50, 2.10, 1.59 | 0.78, 0.32, 0.03 | 0.80, 0.31, 0.00
1.51, 2.06, 1.69 | 1.51, 2.04, 1.59 | 0.50, 0.91, -0.23 | 0.54, 0.91, 0.00
1.55, 2.00, 1.68 | 1.54, 1.98, 1.60 | 0.06, 0.38, 0.57 | 0.17, 0.39, 0.00
1.70, 1.79, 1.95 | 1.64, 1.84, 1.63 | 0.03, 0.95, 1.27 | 0.04, 0.95, 0.00
1.69, 1.76, 1.90 | 1.69, 1.76, 1.65 | 0.41, 0.67, 2.20 | 0.40, 0.67, 0.00
1.68, 1.74, 1.87 | 1.70, 1.72, 1.66 | -0.30, -0.75, 0.79 | -0.22, -0.73, 0.00
1.73, 1.69, 1.85 | 1.73, 1.68, 1.69 | -0.93, 0.31, -1.45 | -0.89, 0.30, 0.00
1.71, 1.68, 1.86 | 1.73, 1.67, 1.72 | -1.12, 0.22, -1.63 | -1.11, 0.22, 0.00
1.72, 1.69, 1.86 | 1.73, 1.67, 1.75 | -0.94, 0.21, -2.05 | -0.95, 0.21, 0.00
1.72, 1.66, 1.85 | 1.73, 1.64, 1.77 | -0.48, 0.47, -0.66 | -0.55, 0.47, 0.00
1.74, 1.66, 1.81 | 1.73, 1.65, 1.78 | 1.29, -0.73, -1.64 | 1.22, -0.72, 0.00
1.75, 1.66, 1.78 | 1.75, 1.64, 1.78 | 0.69, -1.66, 0.34 | 0.72, -1.66, 0.00
1.75, 1.64, 1.75 | 1.75, 1.63, 1.77 | 1.46, -1.82, 0.46 | 1.43, -1.82, 0.00
1.78, 1.63, 1.77 | 1.78, 1.61, 1.77 | 1.44, -0.28, 0.99 | 1.44, -0.29, 0.00
1.80, 1.61, 1.76 | 1.81, 1.58, 1.77 | -0.70, 0.82, 0.26 | -0.44, 0.81, 0.00
1.83, 1.60, 1.76 | 1.84, 1.58, 1.77 | 0.58, 0.31, -1.85 | 0.53, 0.31, 0.00
1.85, 1.57, 1.73 | 1.86, 1.56, 1.76 | 0.88, -0.12, -1.19 | 0.85, -0.12, 0.00
1.90, 1.55, 1.71 | 1.90, 1.53, 1.75 | -0.75, 0.27, -0.88 | -0.57, 0.27, 0.00
1.94, 1.53, 1.69 | 1.94, 1.51, 1.74 | 0.40, 0.49, -0.58 | 0.23, 0.49, 0.00
1.97, 1.47, 1.69 | 1.98, 1.47, 1.73 | 1.32, 0.19, -0.25 | 1.22, 0.19, 0.00
2.01, 1.41, 1.66 | 2.02, 1.42, 1.72 | 0.66, -0.22, 0.89 | 0.73, -0.21, 0.00
2.06, 1.34, 1.67 | 2.07, 1.36, 1.71 | 0.31, -0.39, 0.85 | 0.37, -0.39, 0.00
2.05, 1.33, 1.62 | 2.09, 1.32, 1.70 | -0.23, -0.23, 0.99 | -0.15, -0.23, 0.00
2.09, 1.25, 1.65 | 2.11, 1.26, 1.69 | -1.11, -1.00, -0.02 | -1.03, -1.00, 0.00
2.09, 1.23, 1.76 | 2.12, 1.22, 1.71 | -1.26, -0.55, -1.20 | -1.25, -0.55, 0.00
2.08, 1.20, 1.68 | 2.12, 1.19, 1.70 | -0.03, 0.35, -0.96 | -0.20, 0.34, 0.00
2.12, 1.13, 1.70 | 2.13, 1.13, 1.70 | -0.53, 1.36, 0.30 | -0.50, 1.35, 0.00
2.15, 1.08, 1.67 | 2.15, 1.08, 1.70 | -0.78, -0.10, 1.06 | -0.75, -0.09, 0.00
2.19, 1.01, 1.72 | 2.18, 1.02, 1.70 | 0.48, -0.52, 0.61 | 0.28, -0.52, 0.00
2.15, 1.01, 1.62 | 2.16, 1.00, 1.69 | 2.58, 0.02, -1.29 | 2.53, 0.02, 0.00
2.14, 0.96, 1.60 | 2.16, 0.96, 1.68 | -1.02, -0.10, 0.98 | -0.73, -0.09, 0.00
2.11, 0.94, 1.52 | 2.16, 0.92, 1.66 | 0.07, 0.58, -0.02 | -0.15, 0.56, 0.00
2.12, 0.86, 1.57 | 2.15, 0.87, 1.65 | -0.27, 0.57, 0.88 | -0.25, 0.57, 0.00
2.09, 0.88, 1.51 | 2.13, 0.86, 1.64 | 0.62, -0.11, -1.27 | 0.55, -0.11, 0.00
2.12, 0.80, 1.58 | 2.13, 0.81, 1.64 | -0.17, -0.98, -0.29 | -0.07, -0.97, 0.00
2.14, 0.80, 1.64 | 2.14, 0.79, 1.64 | -0.50, -0.99, -0.81 | -0.46, -0.99, 0.00
2.15, 0.74, 1.67 | 2.15, 0.74, 1.64 | 1.02, 1.01, -0.85 | 0.92, 1.01, 0.00
2.13, 0.78, 1.57 | 2.15, 0.74, 1.64 | 0.57, 0.78, 0.54 | 0.62, 0.78, 0.00
2.13, 0.81, 1.52 | 2.15, 0.75, 1.63 | -0.26, 0.45, 0.47 | -0.06, 0.45, 0.00
2.20, 0.79, 1.61 | 2.18, 0.76, 1.63 | -0.55, 0.74, 0.73 | -0.49, 0.74, 0.00
2.17, 0.82, 1.50 | 2.19, 0.78, 1.62 | -0.36, 0.51, 0.37 | -0.39, 0.51, 0.00
2.24, 0.81, 1.59 | 2.22, 0.80, 1.62 | -0.82, 0.27, 0.77 | -0.77, 0.27, 0.00
2.25, 0.78, 1.60 | 2.24, 0.79, 1.62 | -0.45, -1.29, -0.45 | -0.48, -1.28, 0.00
2.23, 0.83, 1.52 | 2.24, 0.81, 1.62 | 0.15, -0.79, 0.13 | 0.03, -0.80, 0.00
2.20, 0.88, 1.44 | 2.22, 0.83, 1.61 | -0.38, -0.50, 0.20 | -0.28, -0.51, 0.00
2.23, 0.85, 1.47 | 2.23, 0.84, 1.61 | -0.86, -0.41, -1.45 | -0.83, -0.41, 0.00
2.20, 0.87, 1.39 | 2.21, 0.84, 1.60 | -0.13, -0.21, 0.42 | -0.35, -0.22, 0.00
2.26, 0.87, 1.50 | 2.22, 0.84, 1.59 | -0.12, 0.15, 0.28 | -0.22, 0.12, 0.00
2.24, 0.89, 1.45 | 2.22, 0.85, 1.59 | 0.02, 0.17, 0.20 | -0.11, 0.17, 0.00
2.21, 0.92, 1.39 | 2.21, 0.88, 1.58 | -0.05, 0.45, -0.00 | -0.07, 0.44, 0.00
2.24, 0.86, 1.45 | 2.21, 0.87, 1.58 | -0.17, 0.42, 0.13 | -0.13, 0.42, 0.00
2.21, 0.90, 1.39 | 2.20, 0.88, 1.57 | 0.10, 0.24, 0.02 | -0.02, 0.26, 0.00
2.24, 0.86, 1.45 | 2.21, 0.88, 1.57 | 0.02, 0.31, 0.02 | 0.00, 0.31, 0.00
2.27, 0.82, 1.51 | 2.22, 0.87, 1.57 | 0.07, 0.20, -0.13 | 0.03, 0.21, 0.00
2.28, 0.80, 1.54 | 2.23, 0.85, 1.57 | 0.06, 0.02, -0.11 | 0.04, 0.08, 0.00
2.28, 0.78, 1.56 | 2.25, 0.83, 1.57 | 0.02, 0.14, 0.05 | 0.04, 0.13, 0.00
2.28, 0.76, 1.58 | 2.26, 0.81, 1.57 | 0.04, 0.09, 0.05 | 0.04, 0.10, 0.00
2.28, 0.73, 1.60 | 2.26, 0.79, 1.57 | -0.00, 0.11, 0.06 | 0.03, 0.11, 0.00
2.28, 0.72, 1.59 | 2.27, 0.77, 1.57 | 0.01, 0.06, 0.00 | 0.02, 0.08, 0.00
2.30, 0.73, 1.61 | 2.28, 0.76, 1.57 | -0.02, 0.05, -0.04 | 0.02, 0.07, 0.00
2.26, 0.77, 1.51 | 2.28, 0.76, 1.57 | -0.03, 0.04, 0.06 | 0.01, 0.05, 0.00
2.26, 0.76, 1.53 | 2.27, 0.76, 1.57 | 0.01, 0.01, 0.09 | 0.01, 0.03, 0.00
2.26, 0.73, 1.54 | 2.27, 0.75, 1.57 | -0.07, 0.12, 0.15 | -0.02, 0.10, 0.00
2.24, 0.78, 1.47 | 2.27, 0.76, 1.57 | 0.23, 0.10, -0.05 | 0.08, 0.10, 0.00
2.26, 0.76, 1.53 | 2.27, 0.76, 1.57 | 0.13, 0.05, 0.09 | 0.10, 0.06, 0.00
2.27, 0.78, 1.53 | 2.27, 0.76, 1.57 | 0.02, 0.03, 0.09 | 0.07, 0.04, 0.00
2.25, 0.82, 1.48 | 2.27, 0.78, 1.57 | 0.27, -0.11, 0.14 | 0.16, -0.09, 0.00
2.29, 0.83, 1.56 | 2.28, 0.80, 1.57 | 0.31, -0.92, -0.05 | 0.29, -0.91, 0.00
2.33, 0.81, 1.63 | 2.30, 0.80, 1.57 | -0.09, -0.48, -0.01 | 0.04, -0.50, 0.00
2.36, 0.79, 1.68 | 2.32, 0.79, 1.58 | -0.44, -0.31, -0.22 | -0.30, -0.31, 0.00
2.32, 0.85, 1.56 | 2.33, 0.80, 1.58 | 0.03, -0.28, -0.19 | -0.12, -0.28, 0.00
2.33, 0.80, 1.58 | 2.33, 0.79, 1.58 | -0.10, 0.37, 0.12 | -0.10, 0.34, 0.00
2.34, 0.80, 1.57 | 2.34, 0.78, 1.58 | -0.14, 0.30, 0.12 | -0.12, 0.31, 0.00
2.35, 0.76, 1.59 | 2.35, 0.77, 1.58 | -0.03, 0.64, -0.14 | -0.05, 0.63, 0.00
2.37, 0.75, 1.59 | 2.35, 0.76, 1.58 | -0.10, 0.40, -0.22 | -0.08, 0.41, 0.00
2.34, 0.80, 1.50 | 2.35, 0.77, 1.58 | -0.25, 0.68, 0.19 | -0.22, 0.68, 0.00
2.31, 0.84, 1.43 | 2.34, 0.80, 1.58 | -0.06, 0.50, 0.11 | -0.11, 0.50, 0.00
2.30, 0.87, 1.39 | 2.33, 0.83, 1.57 | -0.15, 0.36, -0.14 | -0.13, 0.37, 0.00
2.33, 0.79, 1.47 | 2.33, 0.83, 1.57 | 0.01, -0.17, -0.16 | -0.06, -0.10, 0.00
2.36, 0.76, 1.52 | 2.33, 0.82, 1.57 | -0.03, -0.55, 0.10 | -0.04, -0.54, 0.00
2.39, 0.73, 1.57 | 2.35, 0.80, 1.57 | 0.25, -0.22, -0.40 | 0.16, -0.23, 0.00
2.40, 0.73, 1.58 | 2.36, 0.78, 1.57 | 0.00, -0.19, 0.19 | 0.08, -0.20, 0.00
2.40, 0.72, 1.56 | 2.37, 0.76, 1.57 | 0.02, -0.30, -0.29 | 0.05, -0.30, 0.00
2.39, 0.72, 1.54 | 2.38, 0.75, 1.57 | -0.15, 0.05, -0.51 | -0.08, 0.04, 0.00
2.42, 0.70, 1.59 | 2.39, 0.72, 1.58 | -0.34, 0.15, -1.11 | -0.31, 0.15, 0.00
2.41, 0.70, 1.57 | 2.40, 0.70, 1.58 | -0.23, -0.01, -2.40 | -0.23, -0.01, 0.00
2.41, 0.69, 1.55 | 2.41, 0.69, 1.57 | 0.46, 0.04, -3.44 | 0.45, 0.04, 0.00
2.36, 0.74, 1.45 | 2.37, 0.73, 1.54 | 1.76, -0.81, -2.89 | 1.74, -0.81, 0.00
2.33, 0.77, 1.35 | 2.35, 0.76, 1.48 | 1.59, -0.35, -1.61 | 1.59, -0.36, 0.00
2.31, 0.79, 1.30 | 2.33, 0.77, 1.43 | 1.69, 0.10, 0.18 | 1.69, 0.10, 0.00
2.35, 0.75, 1.28 | 2.36, 0.75, 1.38 | 3.33, 0.10, 2.64 | 3.31, 0.10, 0.00
2.38, 0.74, 1.19 | 2.38, 0.74, 1.31 | 2.43, 1.26, 1.69 | 2.44, 1.25, 0.00
2.44, 0.74, 1.11 | 2.44, 0.74, 1.18 | -5.09, -0.04, 6.18 | -5.06, -0.04, 0.00
2.52, 0.72, 1.12 | 2.52, 0.72, 1.15 | -3.16, 0.88, 2.84 | -3.18, 0.88, 0.00
2.57, 0.72, 1.07 | 2.57, 0.72, 1.12 | -1.81, 0.32, 0.05 | -1.88, 0.32, 0.00
2.68, 0.71, 1.13 | 2.65, 0.71, 1.13 | -1.54, -0.15, -2.50 | -1.55, -0.15, 0.00
2.71, 0.74, 1.06 | 2.69, 0.73, 1.11 | -1.77, -0.35, 0.25 | -1.76, -0.35, 0.00
2.75, 0.69, 1.12 | 2.72, 0.71, 1.11 | -0.71, -0.33, 0.06 | -0.92, -0.33, 0.00
2.83, 0.69, 1.18 | 2.78, 0.69, 1.12 | -0.76, -0.31, 0.30 | -0.79, -0.32, 0.00
2.85, 0.65, 1.21 | 2.82, 0.66, 1.14 | -0.46, -0.17, -0.47 | -0.54, -0.18, 0.00
2.84, 0.64, 1.22 | 2.83, 0.64, 1.15 | -0.58, -0.16, 0.10 | -0.57, -0.16, 0.00
2.89, 0.66, 1.25 | 2.86, 0.64, 1.17 | 0.01, 0.13, -0.09 | -0.30, 0.07, 0.00
2.89, 0.63, 1.28 | 2.88, 0.63, 1.18 | 0.03, -0.02, -0.21 | -0.17, -0.00, 0.00
2.89, 0.66, 1.21 | 2.89, 0.63, 1.18 | 0.09, -0.23, 0.08 | -0.06, -0.20, 0.00
2.90, 0.67, 1.21 | 2.90, 0.64, 1.19 | 0.02, -0.10, -0.10 | -0.03, -0.12, 0.00
2.92, 0.68, 1.23 | 2.91, 0.65, 1.19 | 0.11, 0.01, -0.19 | 0.02, -0.01, 0.00
2.97, 0.69, 1.29 | 2.94, 0.66, 1.20 | 0.10, -0.02, -0.17 | 0.05, -0.02, 0.00
3.00, 0.70, 1.30 | 2.97, 0.67, 1.21 | 0.06, 0.03, -0.03 | 0.05, 0.01, 0.00
3.01, 0.70, 1.31 | 2.99, 0.68, 1.22 | 0.07, 0.08, -0.03 | 0.06, 0.06, 0.00
3.03, 0.70, 1.33 | 3.02, 0.68, 1.23 | 0.02, 0.02, -0.03 | 0.05, 0.04, 0.00
2.98, 0.72, 1.22 | 3.02, 0.69, 1.23 | 0.07, -0.03, 0.06 | 0.05, -0.00, 0.00
3.00, 0.72, 1.24 | 3.03, 0.70, 1.23 | 0.00, -0.00, -0.03 | 0.04, -0.00, 0.00
2.95, 0.74, 1.14 | 3.02, 0.71, 1.22 | 0.06, -0.02, -0.08 | 0.05, -0.01, 0.00
2.93, 0.69, 1.19 | 3.01, 0.71, 1.22 | 0.02, 0.04, 0.02 | 0.04, 0.01, 0.00
2.90, 0.66, 1.22 | 3.00, 0.70, 1.22 | 0.07, -0.03, 0.12 | 0.05, -0.02, 0.00
2.91, 0.69, 1.16 | 2.99, 0.70, 1.22 | 0.07, -0.02, -0.07 | 0.05, -0.02, 0.00
2.91, 0.65, 1.20 | 2.98, 0.69, 1.22 | 0.02, 0.03, -0.10 | 0.05, 0.01, 0.00
2.91, 0.68, 1.19 | 2.98, 0.69, 1.22 | 0.02, 0.06, -0.01 | 0.04, 0.04, 0.00
2.93, 0.68, 1.17 | 2.97, 0.69, 1.22 | 0.03, 0.02, -0.04 | 0.04, 0.03, 0.00
2.92, 0.71, 1.15 | 2.97, 0.69, 1.22 | -0.00, 0.05, 0.03 | 0.03, 0.04, 0.00
2.92, 0.73, 1.07 | 2.97, 0.70, 1.21 | 0.07, -0.03, -0.07 | 0.04, -0.00, 0.00
2.95, 0.73, 1.13 | 2.97, 0.71, 1.21 | 0.06, 0.01, 0.01 | 0.04, 0.01, 0.00
2.93, 0.69, 1.15 | 2.97, 0.71, 1.21 | 0.02, -0.01, -0.05 | 0.04, -0.00, 0.00
2.90, 0.72, 1.06 | 2.97, 0.71, 1.20 | 0.01, 0.02, -0.02 | 0.04, 0.01, 0.00
2.89, 0.67, 1.13 | 2.96, 0.71, 1.20 | -0.02, 0.02, -0.05 | 0.03, 0.01, 0.00
2.88, 0.64, 1.18 | 2.95, 0.70, 1.20 | 0.06, -0.02, 0.03 | 0.03, -0.00, 0.00
2.88, 0.64, 1.18 | 2.95, 0.69, 1.20 | 0.02, -0.00, -0.01 | 0.03, -0.00, 0.00
2.86, 0.68, 1.10 | 2.94, 0.69, 1.20 | 0.02, 0.08, -0.04 | 0.03, 0.04, 0.00
2.92, 0.70, 1.13 | 2.94, 0.69, 1.20 | -0.00, 0.00, -0.05 | 0.02, 0.03, 0.00
2.88, 0.68, 1.14 | 2.94, 0.69, 1.20 | 0.05, 0.06, 0.07 | 0.03, 0.05, 0.00
2.93, 0.70, 1.18 | 2.94, 0.69, 1.20 | 0.04, 0.01, 0.07 | 0.03, 0.03, 0.00
2.95, 0.72, 1.16 | 2.94, 0.70, 1.20 | -0.02, 0.05, -0.07 | 0.02, 0.04, 0.00
2.99, 0.73, 1.21 | 2.95, 0.71, 1.20 | 0.01, 0.03, -0.10 | 0.02, 0.03, 0.00
3.00, 0.72, 1.23 | 2.96, 0.71, 1.20 | 0.01, -0.02, -0.04 | 0.02, 0.01, 0.00
3.01, 0.74, 1.22 | 2.97, 0.72, 1.20 | 0.01, -0.00, -0.02 | 0.02, 0.01, 0.00
3.02, 0.74, 1.23 | 2.98, 0.72, 1.20 | -0.02, -0.01, -0.02 | 0.01, 0.00, 0.00
2.98, 0.76, 1.14 | 2.99, 0.73, 1.20 | 0.05, -0.05, -0.03 | 0.02, -0.02, 0.00
2.97, 0.74, 1.16 | 2.99, 0.73, 1.20 | -0.22, 0.03, -0.12 | -0.06, 0.02, 0.00
2.95, 0.70, 1.18 | 2.98, 0.73, 1.20 | -0.51, 0.09, -0.30 | -0.36, 0.09, 0.00
2.91, 0.65, 1.22 | 2.96, 0.71, 1.20 | -0.60, 0.12, -0.20 | -0.53, 0.12, 0.00
2.88, 0.61, 1.25 | 2.93, 0.67, 1.20 | -0.87, 0.43, -0.10 | -0.82, 0.42, 0.00
2.87, 0.63, 1.22 | 2.90, 0.65, 1.21 | -1.12, 0.60, -0.38 | -1.09, 0.60, 0.00
2.84, 0.65, 1.21 | 2.86, 0.66, 1.21 | -0.89, 0.35, -0.04 | -0.92, 0.36, 0.00
2.82, 0.68, 1.14 | 2.83, 0.68, 1.21 | 0.34, -0.39, 1.08 | 0.20, -0.39, 0.00
2.78, 0.72, 1.08 | 2.78, 0.71, 1.20 | 1.89, -1.55, 1.25 | 1.85, -1.54, 0.00
2.72, 0.69, 1.11 | 2.72, 0.69, 1.20 | 3.46, -1.08, 5.24 | 3.46, -1.08, 0.00
2.65, 0.70, 1.10 | 2.66, 0.70, 1.16 | 4.19, -1.75, 4.12 | 4.18, -1.75, 0.00
2.58, 0.69, 1.14 | 2.60, 0.69, 1.15 | 2.24, -1.00, 3.96 | 2.26, -1.00, 0.00
2.50, 0.71, 1.10 | 2.55, 0.70, 1.13 | 1.64, -0.08, 1.45 | 1.67, -0.08, 0.00
2.43, 0.75, 1.09 | 2.47, 0.74, 1.12 | 0.64, 0.01, -3.39 | 0.66, 0.01, 0.00
2.41, 0.77, 1.15 | 2.44, 0.76, 1.13 | -0.39, 0.66, -3.02 | -0.37, 0.66, 0.00
2.41, 0.78, 1.27 | 2.42, 0.78, 1.20 | 0.19, 0.55, -4.84 | 0.19, 0.55, 0.00
2.43, 0.74, 1.37 | 2.44, 0.75, 1.26 | -0.38, 0.32, -2.78 | -0.37, 0.32, 0.00
2.43, 0.71, 1.44 | 2.45, 0.72, 1.32 | -1.02, 0.61, -1.40 | -0.99, 0.61, 0.00
2.44, 0.69, 1.51 | 2.46, 0.70, 1.36 | -0.37, 0.04, -0.17 | -0.59, 0.07, 0.00
2.39, 0.75, 1.44 | 2.43, 0.72, 1.38 | -0.02, 0.15, -0.02 | -0.34, 0.13, 0.00
2.40, 0.71, 1.47 | 2.42, 0.72, 1.39 | 0.02, 0.03, 0.17 | -0.21, 0.05, 0.00
2.42, 0.71, 1.51 | 2.42, 0.72, 1.41 | -0.21, -0.14, -0.29 | -0.21, -0.13, 0.00
2.38, 0.76, 1.45 | 2.39, 0.74, 1.42 | -0.35, 0.03, -0.12 | -0.29, 0.02, 0.00
2.40, 0.73, 1.49 | 2.39, 0.74, 1.43 | 0.01, -0.11, 0.19 | -0.16, -0.09, 0.00
2.42, 0.71, 1.56 | 2.40, 0.73, 1.44 | 0.06, 0.03, -0.08 | -0.08, -0.01, 0.00
2.40, 0.77, 1.49 | 2.39, 0.74, 1.45 | 0.09, -0.02, 0.21 | -0.02, -0.02, 0.00
2.42, 0.74, 1.54 | 2.40, 0.74, 1.45 | 0.08, 0.03, -0.02 | 0.01, 0.01, 0.00
2.39, 0.79, 1.48 | 2.39, 0.76, 1.46 | 0.05, 0.06, -0.09 | 0.02, 0.04, 0.00
2.39, 0.75, 1.52 | 2.39, 0.76, 1.46 | 0.07, 0.00, 0.10 | 0.03, 0.02, 0.00
2.39, 0.75, 1.53 | 2.39, 0.76, 1.47 | 0.04, 0.02, 0.09 | 0.03, 0.02, 0.00
2.41, 0.73, 1.59 | 2.39, 0.75, 1.48 | 0.10, -0.06, 0.13 | 0.05, -0.04, 0.00
2.40, 0.73, 1.59 | 2.39, 0.75, 1.48 | 0.22, -0.02, 0.17 | 0.12, -0.03, 0.00
2.40, 0.73, 1.62 | 2.40, 0.74, 1.49 | 0.31, -0.22, 0.34 | 0.24, -0.21, 0.00
2.41, 0.73, 1.63 | 2.40, 0.74, 1.50 | 0.16, 0.01, -0.23 | 0.20, -0.01, 0.00
2.41, 0.74, 1.63 | 2.40, 0.74, 1.51 | -0.09, 0.02, -0.28 | 0.06, 0.02, 0.00
2.42, 0.73, 1.66 | 2.41, 0.74, 1.52 | 0.09, -0.21, -0.04 | 0.07, -0.18, 0.00
2.40, 0.73, 1.65 | 2.41, 0.73, 1.53 | -0.04, 0.19, -0.11 | 0.02, 0.14, 0.00
2.40, 0.73, 1.65 | 2.41, 0.73, 1.54 | 0.02, -0.05, 0.05 | 0.02, 0.03, 0.00
2.35, 0.78, 1.54 | 2.41, 0.74, 1.54 | -0.01, 0.00, -0.36 | 0.01, 0.00, 0.00
2.36, 0.78, 1.54 | 2.40, 0.75, 1.54 | -0.17, 0.03, -0.17 | -0.07, 0.03, 0.00
2.36, 0.76, 1.56 | 2.39, 0.75, 1.54 | -0.23, 0.00, 0.34 | -0.16, 0.00, 0.00
2.32, 0.81, 1.45 | 2.38, 0.77, 1.54 | -0.01, -0.19, 0.02 | -0.09, -0.16, 0.00
2.33, 0.80, 1.49 | 2.37, 0.77, 1.53 | -0.31, 0.03, -0.02 | -0.19, 0.01, 0.00
2.28, 0.82, 1.40 | 2.35, 0.79, 1.53 | -0.18, 0.13, 0.14 | -0.19, 0.11, 0.00
2.26, 0.83, 1.35 | 2.32, 0.80, 1.52 | -0.04, -0.02, 0.62 | -0.08, -0.02, 0.00
2.27, 0.79, 1.40 | 2.30, 0.80, 1.52 | 0.13, -0.15, 0.05 | 0.02, -0.13, 0.00
2.28, 0.76, 1.44 | 2.29, 0.79, 1.52 | 0.15, -0.06, -0.58 | 0.11, -0.06, 0.00
2.30, 0.75, 1.51 | 2.29, 0.78, 1.52 | 0.07, 0.11, -0.60 | 0.08, 0.10, 0.00
2.26, 0.79, 1.43 | 2.27, 0.78, 1.52 | -0.03, 0.20, 0.64 | -0.00, 0.19, 0.00
2.27, 0.78, 1.45 | 2.27, 0.78, 1.52 | 0.24, 0.05, -0.20 | 0.13, 0.07, 0.00
2.29, 0.77, 1.49 | 2.27, 0.78, 1.52 | 0.12, -0.07, -0.29 | 0.13, -0.06, 0.00
2.31, 0.73, 1.55 | 2.27, 0.77, 1.52 | -0.12, -0.01, -0.16 | 0.02, -0.01, 0.00
2.34, 0.72, 1.62 | 2.28, 0.76, 1.52 | -0.03, -0.13, 0.13 | 0.00, -0.11, 0.00
2.34, 0.70, 1.64 | 2.29, 0.74, 1.53 | 0.02, -0.16, 0.24 | 0.01, -0.16, 0.00
2.35, 0.70, 1.64 | 2.30, 0.73, 1.53 | -0.04, 0.03, -0.21 | -0.01, 0.00, 0.00
2.36, 0.69, 1.69 | 2.32, 0.72, 1.54 | -0.18, 0.13, 0.27 | -0.10, 0.12, 0.00
2.36, 0.69, 1.68 | 2.33, 0.70, 1.54 | 0.16, -0.02, -0.03 | 0.00, 0.01, 0.00
2.35, 0.69, 1.65 | 2.33, 0.70, 1.54 | 0.12, 0.03, -0.01 | 0.04, 0.03, 0.00
2.35, 0.69, 1.64 | 2.34, 0.69, 1.55 | -0.04, 0.21, -0.04 | 0.01, 0.18, 0.00
2.35, 0.68, 1.64 | 2.34, 0.68, 1.55 | -0.07, 0.01, -0.04 | -0.01, 0.08, 0.00
2.35, 0.69, 1.64 | 2.34, 0.68, 1.55 | -0.07, 0.05, -0.03 | -0.03, 0.06, 0.00
2.31, 0.75, 1.54 | 2.34, 0.69, 1.56 | -0.02, 0.03, -0.09 | -0.03, 0.04, 0.00
2.31, 0.71, 1.56 | 2.33, 0.70, 1.56 | -0.01, 0.05, -0.28 | -0.02, 0.05, 0.00
2.34, 0.70, 1.62 | 2.33, 0.70, 1.56 | 0.00, 0.05, -0.05 | -0.01, 0.05, 0.00
2.34, 0.73, 1.61 | 2.33, 0.70, 1.56 | -0.01, 0.04, -0.31 | -0.01, 0.04, 0.00
2.36, 0.73, 1.67 | 2.34, 0.71, 1.56 | -0.09, 0.05, 0.29 | -0.05, 0.05, 0.00
2.36, 0.73, 1.67 | 2.34, 0.71, 1.57 | 0.12, 0.02, 0.18 | 0.02, 0.02, 0.00
2.37, 0.73, 1.69 | 2.35, 0.72, 1.57 | -0.01, -0.01, 0.34 | 0.01, -0.01, 0.00
2.38, 0.73, 1.70 | 2.36, 0.72, 1.58 | 0.17, 0.01, 0.01 | 0.07, 0.01, 0.00
2.37, 0.72, 1.68 | 2.36, 0.72, 1.58 | 0.04, -0.20, -0.09 | 0.06, -0.17, 0.00
2.35, 0.71, 1.64 | 2.36, 0.72, 1.58 | -0.07, -0.24, 0.43 | -0.02, -0.24, 0.00
2.37, 0.69, 1.64 | 2.37, 0.71, 1.58 | 0.06, -0.10, 0.12 | 0.01, -0.13, 0.00
2.39, 0.69, 1.66 | 2.37, 0.71, 1.59 | -0.17, -0.11, -0.32 | -0.09, -0.11, 0.00
2.39, 0.71, 1.61 | 2.38, 0.70, 1.59 | -0.09, -0.12, 0.06 | -0.09, -0.12, 0.00
2.39, 0.73, 1.59 | 2.38, 0.70, 1.59 | 0.02, -0.05, 0.01 | -0.06, -0.08, 0.00
2.34, 0.79, 1.50 | 2.38, 0.72, 1.59 | -0.00, 0.04, -0.06 | -0.04, -0.02, 0.00
2.34, 0.74, 1.53 | 2.37, 0.72, 1.59 | 0.01, -0.01, 0.08 | -0.03, -0.02, 0.00
2.35, 0.73, 1.55 | 2.37, 0.72, 1.59 | 0.04, -0.08, 0.10 | -0.01, -0.06, 0.00
2.35, 0.71, 1.58 | 2.37, 0.71, 1.59 | 0.05, -0.03, -0.13 | 0.00, -0.04, 0.00
2.31, 0.77, 1.49 | 2.36, 0.72, 1.59 | -0.03, 0.00, -0.06 | -0.00, -0.02, 0.00
2.33, 0.74, 1.52 | 2.35, 0.72, 1.59 | -0.02, 0.02, -0.01 | -0.01, -0.00, 0.00
2.31, 0.80, 1.45 | 2.35, 0.73, 1.59 | -0.01, -0.00, 0.03 | -0.01, -0.00, 0.00
2.33, 0.74, 1.52 | 2.34, 0.73, 1.59 | -0.01, -0.01, -0.03 | -0.01, -0.00, 0.00
2.33, 0.71, 1.55 | 2.34, 0.72, 1.59 | 0.11, -0.09, 0.02 | 0.01, -0.06, 0.00
2.35, 0.69, 1.57 | 2.34, 0.72, 1.59 | 0.12, -0.03, 0.14 | 0.04, -0.04, 0.00
2.31, 0.75, 1.48 | 2.34, 0.72, 1.59 | 0.01, 0.00, -0.18 | 0.03, -0.00, 0.00
2.29, 0.77, 1.44 | 2.33, 0.72, 1.58 | -0.09, 0.07, 0.01 | 0.00, 0.05, 0.00
2.31, 0.72, 1.48 | 2.32, 0.72, 1.58 | -0.06, 0.02, 0.00 | -0.01, 0.03, 0.00
2.33, 0.68, 1.50 | 2.32, 0.71, 1.58 | 0.00, 0.05, 0.05 | -0.01, 0.04, 0.00
2.35, 0.67, 1.52 | 2.33, 0.71, 1.58 | 0.10, -0.02, -0.02 | 0.01, 0.00, 0.00
2.30, 0.72, 1.43 | 2.33, 0.71, 1.58 | 0.13, 0.02, -0.17 | 0.05, 0.02, 0.00
2.28, 0.76, 1.37 | 2.32, 0.71, 1.58 | 0.00, 0.09, 0.04 | 0.04, 0.06, 0.00
2.30, 0.75, 1.40 | 2.32, 0.72, 1.58 | -0.00, 0.10, -0.06 | 0.03, 0.09, 0.00
2.31, 0.75, 1.43 | 2.31, 0.72, 1.57 | -0.35, 0.08, -0.34 | -0.20, 0.08, 0.00
2.32, 0.73, 1.44 | 2.31, 0.73, 1.57 | -0.71, 0.24, -0.98 | -0.66, 0.23, 0.00
2.35, 0.72, 1.50 | 2.34, 0.72, 1.57 | -0.08, -0.13, -2.71 | -0.09, -0.13, 0.00
2.36, 0.70, 1.52 | 2.36, 0.70, 1.56 | 1.42, -0.11, -4.40 | 1.41, -0.11, 0.00
2.36, 0.68, 1.53 | 2.36, 0.68, 1.54 | 2.43, -0.12, -3.68 | 2.42, -0.12, 0.00
2.38, 0.71, 1.51 | 2.38, 0.70, 1.53 | 2.42, -0.11, -2.30 | 2.42, -0.11, 0.00
2.42, 0.70, 1.45 | 2.42, 0.70, 1.50 | 2.73, -0.09, -0.50 | 2.73, -0.09, 0.00
2.46, 0.70, 1.38 | 2.46, 0.70, 1.46 | 2.08, 0.24, 2.90 | 2.09, 0.24, 0.00
2.49, 0.70, 1.26 | 2.49, 0.70, 1.31 | -5.48, -1.06, 9.33 | -5.47, -1.06, 0.00
2.56, 0.67, 1.24 | 2.56, 0.67, 1.27 | -3.56, -2.13, 4.12 | -3.57, -2.13, 0.00
2.63, 0.66, 1.22 | 2.62, 0.66, 1.25 | -2.25, -1.10, -0.52 | -2.29, -1.10, 0.00
2.67, 0.64, 1.21 | 2.66, 0.64, 1.23 | -2.33, -0.01, -3.49 | -2.33, -0.01, 0.00
2.75, 0.65, 1.22 | 2.72, 0.64, 1.23 | -2.09, -0.06, 0.22 | -2.10, -0.06, 0.00
2.79, 0.67, 1.20 | 2.76, 0.65, 1.22 | -0.33, -0.20, 0.65 | -0.70, -0.20, 0.00
2.81, 0.69, 1.13 | 2.78, 0.67, 1.20 | -0.41, 0.05, -0.11 | -0.52, 0.04, 0.00
2.86, 0.68, 1.16 | 2.82, 0.67, 1.20 | -0.39, -0.25, -0.32 | -0.43, -0.24, 0.00
2.88, 0.69, 1.19 | 2.85, 0.68, 1.20 | 0.04, -0.01, 0.09 | -0.23, -0.09, 0.00
2.91, 0.69, 1.19 | 2.89, 0.69, 1.20 | -0.03, -0.02, -0.18 | -0.15, -0.03, 0.00
2.90, 0.73, 1.09 | 2.90, 0.70, 1.18 | 0.12, -0.10, -0.44 | 0.01, -0.10, 0.00
2.92, 0.70, 1.15 | 2.92, 0.70, 1.18 | 0.06, -0.08, 0.28 | 0.04, -0.08, 0.00
2.91, 0.71, 1.07 | 2.93, 0.71, 1.17 | 0.06, 0.13, 0.39 | 0.05, 0.11, 0.00
2.92, 0.66, 1.14 | 2.94, 0.69, 1.17 | -0.00, 0.09, -0.04 | 0.03, 0.10, 0.00
2.94, 0.64, 1.17 | 2.95, 0.67, 1.17 | 0.09, 0.00, -0.11 | 0.05, 0.03, 0.00
2.95, 0.65, 1.17 | 2.96, 0.66, 1.17 | 0.03, -0.03, 0.15 | 0.04, -0.02, 0.00
2.95, 0.65, 1.17 | 2.97, 0.66, 1.17 | 0.01, 0.10, -0.18 | 0.03, 0.08, 0.00
2.96, 0.63, 1.19 | 2.97, 0.65, 1.17 | 0.07, 0.01, -0.07 | 0.04, 0.03, 0.00
2.96, 0.64, 1.16 | 2.98, 0.64, 1.17 | -0.02, -0.05, 0.11 | 0.03, -0.02, 0.00
2.96, 0.65, 1.16 | 2.98, 0.64, 1.17 | 0.01, -0.08, -0.05 | 0.02, -0.06, 0.00
2.93, 0.68, 1.07 | 2.98, 0.65, 1.17 | 0.10, -0.05, -0.06 | 0.04, -0.05, 0.00
2.92, 0.64, 1.12 | 2.98, 0.64, 1.17 | 0.00, 0.02, 0.04 | 0.03, -0.02, 0.00
2.93, 0.65, 1.12 | 2.97, 0.64, 1.16 | 0.01, -0.04, -0.05 | 0.03, -0.02, 0.00
2.92, 0.69, 1.04 | 2.97, 0.65, 1.16 | 0.03, -0.01, -0.05 | 0.03, -0.02, 0.00
2.94, 0.68, 1.08 | 2.97, 0.65, 1.16 | 0.01, 0.09, -0.06 | 0.03, 0.05, 0.00
2.92, 0.70, 1.01 | 2.97, 0.66, 1.15 | 0.00, -0.05, 0.08 | 0.02, -0.01, 0.00
2.97, 0.69, 1.12 | 2.97, 0.66, 1.15 | 0.08, -0.07, 0.05 | 0.03, -0.05, 0.00
2.94, 0.70, 1.04 | 2.97, 0.67, 1.15 | 0.02, 0.09, -0.14 | 0.03, 0.05, 0.00
2.96, 0.67, 1.10 | 2.98, 0.67, 1.15 | -0.00, 0.02, -0.03 | 0.02, 0.04, 0.00
2.98, 0.68, 1.15 | 2.98, 0.67, 1.15 | 0.06, -0.08, -0.05 | 0.03, -0.04, 0.00
2.94, 0.70, 1.08 | 2.98, 0.68, 1.14 | 0.01, -0.04, -0.04 | 0.03, -0.04, 0.00
2.94, 0.67, 1.13 | 2.98, 0.68, 1.15 | -0.03, 0.01, -0.04 | 0.02, -0.02, 0.00
2.95, 0.66, 1.15 | 2.98, 0.67, 1.15 | 0.01, 0.07, -0.04 | 0.02, 0.03, 0.00
2.93, 0.69, 1.08 | 2.98, 0.68, 1.14 | 0.03, 0.01, -0.05 | 0.02, 0.02, 0.00
2.92, 0.65, 1.13 | 2.97, 0.67, 1.14 | -0.04, 0.01, 0.06 | 0.01, 0.02, 0.00
2.93, 0.65, 1.13 | 2.97, 0.67, 1.15 | 0.02, -0.01, -0.11 | 0.01, -0.00, 0.00
2.91, 0.67, 1.06 | 2.97, 0.67, 1.14 | -0.01, 0.06, -0.02 | 0.01, 0.03, 0.00
2.90, 0.70, 1.00 | 2.96, 0.67, 1.14 | -0.03, -0.08, -0.10 | -0.00, -0.04, 0.00
2.92, 0.69, 1.04 | 2.95, 0.67, 1.14 | -0.34, 0.08, 0.05 | -0.16, 0.07, 0.00
2.90, 0.71, 1.00 | 2.94, 0.69, 1.13 | -0.86, 0.07, -0.14 | -0.72, 0.07, 0.00
2.94, 0.70, 1.08 | 2.94, 0.69, 1.13 | -1.09, 0.17, -0.33 | -1.05, 0.17, 0.00
2.92, 0.67, 1.12 | 2.92, 0.68, 1.13 | -1.22, 0.30, -0.16 | -1.20, 0.30, 0.00
2.90, 0.67, 1.10 | 2.90, 0.68, 1.13 | -0.83, 0.39, 0.05 | -0.89, 0.38, 0.00
2.87, 0.69, 1.06 | 2.87, 0.69, 1.13 | 0.03, -0.07, 0.65 | -0.20, -0.06, 0.00
2.82, 0.71, 1.07 | 2.82, 0.71, 1.13 | 1.56, -0.59, 1.85 | 1.51, -0.59, 0.00
2.77, 0.71, 1.11 | 2.77, 0.71, 1.13 | 3.32, -1.57, 2.96 | 3.31, -1.57, 0.00
2.69, 0.72, 1.10 | 2.70, 0.72, 1.12 | 3.73, -2.74, 5.59 | 3.73, -2.74, 0.00
2.62, 0.71, 1.13 | 2.63, 0.71, 1.12 | 4.14, -2.45, 5.04 | 4.14, -2.45, 0.00
2.56, 0.71, 1.13 | 2.58, 0.70, 1.13 | 2.45, -1.41, 2.07 | 2.47, -1.41, 0.00
2.51, 0.72, 1.18 | 2.56, 0.70, 1.14 | 0.77, -0.07, -1.67 | 0.86, -0.08, 0.00
2.47, 0.72, 1.27 | 2.49, 0.72, 1.20 | 0.60, -0.75, -5.14 | 0.60, -0.75, 0.00
2.40, 0.78, 1.22 | 2.41, 0.77, 1.21 | -0.07, 0.51, -5.30 | -0.07, 0.51, 0.00
2.40, 0.75, 1.36 | 2.42, 0.75, 1.28 | -0.04, 0.03, -3.46 | -0.05, 0.03, 0.00
2.37, 0.77, 1.32 | 2.40, 0.75, 1.29 | -0.77, -0.04, -1.64 | -0.73, -0.04, 0.00
2.38, 0.72, 1.42 | 2.41, 0.72, 1.32 | -0.28, 0.32, 0.13 | -0.44, 0.30, 0.00
2.30, 0.62, 1.31 | 2.36, 0.64, 1.32 | -0.39, -0.03, -0.55 | -0.40, -0.03, 0.00
2.31, 0.63, 1.37 | 2.34, 0.62, 1.33 | -0.20, 0.17, 0.29 | -0.28, 0.16, 0.00
2.28, 0.69, 1.32 | 2.30, 0.64, 1.33 | 0.10, -0.09, 0.10 | -0.12, -0.04, 0.00
2.31, 0.70, 1.42 | 2.30, 0.65, 1.34 | 0.03, 0.14, -0.04 | -0.07, 0.10, 0.00
2.35, 0.68, 1.53 | 2.31, 0.66, 1.36 | 0.06, -0.02, -0.04 | -0.03, 0.03, 0.00
2.37, 0.67, 1.57 | 2.33, 0.66, 1.39 | 0.10, 0.02, -0.07 | 0.00, 0.02, 0.00
2.38, 0.67, 1.60 | 2.35, 0.66, 1.41 | 0.07, -0.04, -0.06 | 0.02, -0.02, 0.00
2.39, 0.68, 1.64 | 2.36, 0.66, 1.43 | 0.06, -0.05, -0.00 | 0.03, -0.04, 0.00
2.38, 0.68, 1.64 | 2.37, 0.67, 1.45 | -0.02, -0.08, -0.20 | 0.01, -0.07, 0.00
2.37, 0.67, 1.63 | 2.37, 0.67, 1.46 | -0.04, 0.04, 0.03 | -0.00, -0.01, 0.00
2.38, 0.67, 1.62 | 2.38, 0.66, 1.47 | -0.10, -0.07, 0.04 | -0.02, -0.05, 0.00
2.38, 0.70, 1.63 | 2.38, 0.67, 1.48 | 0.08, -0.07, 0.13 | 0.00, -0.07, 0.00
2.36, 0.72, 1.59 | 2.37, 0.69, 1.49 | -0.00, 0.14, 0.98 | -0.00, 0.14, 0.00
2.35, 0.73, 1.62 | 2.36, 0.72, 1.51 | 0.07, -0.35, 2.36 | 0.07, -0.35, 0.00
2.34, 0.72, 1.67 | 2.35, 0.72, 1.54 | 0.35, 0.08, -0.86 | 0.30, 0.07, 0.00
2.33, 0.69, 1.66 | 2.34, 0.70, 1.57 | 0.15, 0.13, -2.52 | 0.15, 0.13, 0.00
2.31, 0.68, 1.66 | 2.32, 0.68, 1.59 | -0.34, 0.30, -1.79 | -0.32, 0.30, 0.00
2.29, 0.66, 1.66 | 2.31, 0.67, 1.60 | 0.10, -0.12, 0.50 | -0.02, -0.11, 0.00
2.23, 0.72, 1.56 | 2.28, 0.69, 1.60 | 0.01, -0.23, 0.12 | -0.01, -0.22, 0.00
2.23, 0.71, 1.58 | 2.27, 0.70, 1.59 | -0.06, -0.27, 0.35 | -0.04, -0.26, 0.00
2.25, 0.69, 1.60 | 2.26, 0.69, 1.60 | 0.22, -0.06, 1.10 | 0.19, -0.06, 0.00
2.27, 0.70, 1.66 | 2.26, 0.70, 1.60 | 0.33, 0.04, -0.08 | 0.27, 0.04, 0.00
2.28, 0.69, 1.65 | 2.27, 0.69, 1.61 | 0.18, -0.31, 0.05 | 0.22, -0.28, 0.00
2.29, 0.71, 1.67 | 2.28, 0.70, 1.62 | 0.13, -0.26, 0.23 | 0.17, -0.26, 0.00
2.30, 0.71, 1.68 | 2.29, 0.70, 1.62 | -0.18, 0.11, -0.63 | -0.08, 0.10, 0.00
2.31, 0.71, 1.69 | 2.30, 0.70, 1.63 | -0.22, -0.04, 0.32 | -0.16, -0.03, 0.00
2.30, 0.73, 1.67 | 2.30, 0.71, 1.64 | 0.06, -0.04, -0.04 | -0.08, -0.04, 0.00
2.34, 0.74, 1.71 | 2.32, 0.71, 1.64 | -0.12, 0.07, 0.02 | -0.09, 0.04, 0.00
2.34, 0.75, 1.68 | 2.33, 0.73, 1.65 | -0.09, 0.06, 0.26 | -0.09, 0.06, 0.00
2.34, 0.76, 1.67 | 2.34, 0.74, 1.65 | -0.06, 0.00, -0.08 | -0.08, 0.02, 0.00
2.30, 0.80, 1.58 | 2.33, 0.76, 1.64 | -0.17, -0.01, -0.10 | -0.11, -0.00, 0.00
2.32, 0.78, 1.58 | 2.33, 0.77, 1.64 | -0.21, 0.11, -0.11 | -0.15, 0.09, 0.00
2.33, 0.74, 1.59 | 2.33, 0.77, 1.64 | -0.11, -0.04, 0.03 | -0.14, 0.00, 0.00
2.34, 0.71, 1.61 | 2.33, 0.75, 1.64 | -0.16, -0.05, 0.10 | -0.15, -0.04, 0.00
2.31, 0.75, 1.51 | 2.32, 0.76, 1.63 | -0.06, -0.02, 0.06 | -0.12, -0.03, 0.00
2.32, 0.75, 1.52 | 2.32, 0.76, 1.63 | -0.04, 0.05, 0.08 | -0.10, 0.02, 0.00
2.34, 0.73, 1.54 | 2.32, 0.75, 1.62 | -0.00, 0.02, 0.10 | -0.08, 0.02, 0.00
2.30, 0.77, 1.45 | 2.32, 0.76, 1.62 | 0.08, -0.03, -0.08 | -0.04, -0.01, 0.00
2.28, 0.80, 1.41 | 2.31, 0.77, 1.61 | 0.01, 0.05, 0.01 | -0.03, 0.02, 0.00
2.31, 0.77, 1.46 | 2.31, 0.77, 1.60 | 0.06, -0.09, -0.10 | -0.01, -0.06, 0.00
2.28, 0.80, 1.39 | 2.30, 0.78, 1.59 | -0.02, 0.03, 0.02 | -0.01, -0.02, 0.00
2.31, 0.74, 1.46 | 2.30, 0.78, 1.59 | 0.02, -0.05, -0.04 | -0.01, -0.03, 0.00
2.34, 0.74, 1.50 | 2.30, 0.77, 1.59 | 0.07, -0.05, 0.08 | 0.01, -0.04, 0.00
2.34, 0.71, 1.51 | 2.31, 0.76, 1.58 | 0.04, 0.03, -0.03 | 0.02, -0.01, 0.00
2.36, 0.70, 1.55 | 2.31, 0.75, 1.58 | 0.11, 0.01, 0.04 | 0.03, 0.00, 0.00
2.32, 0.75, 1.48 | 2.31, 0.75, 1.58 | 0.05, 0.08, -0.13 | 0.04, 0.07, 0.00
2.30, 0.78, 1.42 | 2.31, 0.76, 1.58 | 0.10, 0.01, 0.04 | 0.05, 0.03, 0.00
2.28, 0.82, 1.36 | 2.31, 0.77, 1.57 | 0.09, 0.02, -0.04 | 0.06, 0.02, 0.00
2.27, 0.85, 1.31 | 2.30, 0.78, 1.56 | 0.06, 0.02, -0.08 | 0.06, 0.02, 0.00
2.28, 0.84, 1.33 | 2.30, 0.79, 1.56 | -0.03, 0.00, -0.06 | 0.04, 0.01, 0.00
2.28, 0.86, 1.30 | 2.30, 0.81, 1.55 | -0.04, 0.05, -0.44 | -0.00, 0.05, 0.00
2.31, 0.76, 1.40 | 2.30, 0.80, 1.54 | 0.20, -0.01, -0.68 | 0.15, -0.00, 0.00
2.36, 0.73, 1.48 | 2.34, 0.75, 1.54 | 0.33, 0.29, -2.76 | 0.33, 0.29, 0.00
2.40, 0.70, 1.53 | 2.39, 0.71, 1.54 | 0.71, 0.23, -3.68 | 0.70, 0.23, 0.00
2.38, 0.74, 1.41 | 2.38, 0.74, 1.49 | 0.83, 0.04, -4.53 | 0.83, 0.04, 0.00
2.36, 0.76, 1.38 | 2.36, 0.76, 1.45 | 1.95, -0.28, -2.87 | 1.94, -0.28, 0.00
2.38, 0.77, 1.31 | 2.39, 0.77, 1.40 | 2.53, 0.19, -0.51 | 2.51, 0.19, 0.00
2.47, 0.74, 1.36 | 2.46, 0.74, 1.39 | 2.13, -0.60, 2.33 | 2.14, -0.60, 0.00
2.58, 0.70, 1.43 | 2.58, 0.70, 1.42 | -6.29, -2.16, 10.13 | -6.28, -2.16, 0.00
2.61, 0.71, 1.27 | 2.61, 0.71, 1.32 | -4.76, -0.90, 6.77 | -4.76, -0.90, 0.00
2.68, 0.69, 1.24 | 2.66, 0.69, 1.29 | -1.69, -1.18, 0.47 | -1.82, -1.17, 0.00
2.77, 0.70, 1.23 | 2.75, 0.70, 1.26 | -2.11, 0.47, -3.63 | -2.11, 0.47, 0.00
2.79, 0.64, 1.24 | 2.77, 0.65, 1.25 | -2.21, -0.16, 0.02 | -2.21, -0.16, 0.00
2.85, 0.66, 1.19 | 2.81, 0.65, 1.24 | -0.51, -0.30, 0.93 | -0.72, -0.30, 0.00
2.87, 0.69, 1.12 | 2.84, 0.67, 1.21 | -0.15, -0.21, -0.55 | -0.30, -0.22, 0.00
2.89, 0.72, 1.05 | 2.86, 0.70, 1.18 | -0.30, 0.09, -0.44 | -0.30, 0.08, 0.00
2.93, 0.70, 1.08 | 2.90, 0.70, 1.17 | 0.17, -0.24, 0.21 | -0.03, -0.22, 0.00
2.98, 0.69, 1.18 | 2.94, 0.70, 1.17 | 0.30, -0.12, 0.11 | 0.15, -0.12, 0.00
2.99, 0.67, 1.18 | 2.97, 0.68, 1.17 | 0.19, -0.11, -0.22 | 0.17, -0.12, 0.00
3.02, 0.66, 1.24 | 3.00, 0.67, 1.18 | 0.14, 0.06, 0.17 | 0.16, 0.03, 0.00
3.05, 0.66, 1.29 | 3.04, 0.66, 1.19 | 0.21, -0.09, -0.17 | 0.18, -0.08, 0.00
3.03, 0.66, 1.27 | 3.05, 0.65, 1.20 | 0.07, -0.05, -0.04 | 0.15, -0.06, 0.00
2.99, 0.67, 1.18 | 3.05, 0.66, 1.20 | 0.02, 0.06, -0.12 | 0.11, 0.03, 0.00
3.03, 0.67, 1.23 | 3.06, 0.66, 1.20 | 0.07, -0.02, 0.19 | 0.10, -0.01, 0.00
2.98, 0.68, 1.13 | 3.05, 0.66, 1.20 | -0.01, 0.08, -0.01 | 0.07, 0.04, 0.00
2.95, 0.69, 1.05 | 3.04, 0.67, 1.19 | 0.02, 0.08, -0.02 | 0.06, 0.07, 0.00
2.94, 0.70, 1.03 | 3.03, 0.68, 1.18 | 0.00, 0.02, -0.03 | 0.05, 0.05, 0.00
3.00, 0.68, 1.14 | 3.03, 0.68, 1.18 | 0.11, -0.03, -0.13 | 0.06, -0.01, 0.00
2.97, 0.70, 1.08 | 3.03, 0.68, 1.17 | 0.10, -0.02, 0.04 | 0.07, -0.02, 0.00
2.95, 0.73, 1.01 | 3.02, 0.69, 1.16 | 0.08, -0.02, 0.01 | 0.07, -0.02, 0.00
2.98, 0.72, 1.10 | 3.02, 0.70, 1.16 | 0.04, 0.05, -0.11 | 0.06, 0.03, 0.00
2.95, 0.73, 1.03 | 3.01, 0.71, 1.16 | 0.06, -0.06, -0.04 | 0.06, -0.02, 0.00
2.93, 0.74, 0.99 | 3.00, 0.72, 1.15 | 0.01, 0.04, -0.08 | 0.05, 0.02, 0.00
2.97, 0.72, 1.10 | 3.00, 0.72, 1.15 | 0.01, 0.03, 0.05 | 0.04, 0.03, 0.00
2.99, 0.71, 1.15 | 3.01, 0.72, 1.15 | 0.05, 0.03, 0.07 | 0.05, 0.03, 0.00
2.96, 0.72, 1.07 | 3.01, 0.72, 1.14 | 0.05, 0.01, -0.02 | 0.05, 0.02, 0.00
2.99, 0.70, 1.15 | 3.01, 0.72, 1.15 | 0.00, 0.02, -0.04 | 0.04, 0.02, 0.00
3.02, 0.72, 1.19 | 3.01, 0.72, 1.15 | -0.03, -0.03, 0.04 | 0.03, -0.00, 0.00
2.97, 0.73, 1.10 | 3.01, 0.73, 1.15 | 0.01, 0.04, -0.02 | 0.03, 0.01, 0.00
2.94, 0.73, 1.04 | 3.01, 0.73, 1.14 | 0.05, 0.05, -0.04 | 0.03, 0.03, 0.00
2.93, 0.73, 1.01 | 3.00, 0.73, 1.14 | 0.08, -0.03, -0.00 | 0.04, -0.00, 0.00
2.98, 0.74, 1.08 | 3.00, 0.74, 1.14 | -0.01, 0.01, -0.06 | 0.03, 0.00, 0.00
2.95, 0.76, 1.01 | 3.00, 0.74, 1.13 | 0.01, 0.05, 0.02 | 0.03, 0.02, 0.00
2.94, 0.76, 0.96 | 3.00, 0.75, 1.13 | -0.02, 0.03, -0.01 | 0.02, 0.03, 0.00
2.94, 0.69, 1.06 | 2.99, 0.74, 1.13 | -0.05, 0.04, 0.01 | 0.01, 0.03, 0.00
2.93, 0.65, 1.13 | 2.99, 0.73, 1.13 | -0.00, -0.08, -0.10 | 0.01, -0.04, 0.00
2.93, 0.60, 1.18 | 2.98, 0.72, 1.13 | 0.03, 0.06, 0.07 | 0.01, 0.03, 0.00
2.92, 0.59, 1.19 | 2.98, 0.70, 1.13 | 0.05, -0.04, 0.05 | 0.02, -0.01, 0.00
2.91, 0.65, 1.09 | 2.97, 0.70, 1.13 | 0.00, -0.07, -0.01 | 0.02, -0.04, 0.00
2.91, 0.68, 1.02 | 2.97, 0.70, 1.13 | -0.01, 0.03, 0.01 | 0.01, -0.01, 0.00
2.92, 0.64, 1.10 | 2.97, 0.69, 1.13 | 0.01, -0.05, 0.02 | 0.01, -0.03, 0.00
2.93, 0.62, 1.14 | 2.96, 0.68, 1.13 | 0.02, 0.01, 0.06 | 0.01, -0.01, 0.00
2.92, 0.59, 1.17 | 2.96, 0.67, 1.13 | 0.02, 0.01, -0.05 | 0.01, -0.00, 0.00
2.91, 0.56, 1.20 | 2.96, 0.65, 1.13 | 0.05, -0.01, -0.07 | 0.02, -0.00, 0.00
2.94, 0.58, 1.18 | 2.96, 0.64, 1.14 | 0.05, -0.04, -0.02 | 0.02, -0.02, 0.00
2.94, 0.57, 1.21 | 2.96, 0.63, 1.14 | 0.00, 0.03, 0.04 | 0.02, 0.00, 0.00
2.94, 0.63, 1.10 | 2.96, 0.63, 1.14 | 0.02, -0.03, 0.02 | 0.02, -0.01, 0.00
2.92, 0.59, 1.14 | 2.96, 0.62, 1.14 | -0.01, 0.01, 0.01 | 0.02, -0.00, 0.00
2.92, 0.57, 1.18 | 2.96, 0.61, 1.14 | -0.01, 0.04, 0.06 | 0.01, 0.02, 0.00
2.92, 0.55, 1.21 | 2.96, 0.60, 1.14 | 0.05, -0.02, 0.03 | 0.02, -0.00, 0.00
2.92, 0.56, 1.22 | 2.96, 0.60, 1.15 | -0.01, -0.00, 0.04 | 0.02, -0.00, 0.00
2.93, 0.56, 1.23 | 2.95, 0.59, 1.15 | 0.00, -0.02, -0.03 | 0.01, -0.01, 0.00
2.92, 0.61, 1.12 | 2.95, 0.59, 1.15 | 0.03, 0.01, 0.09 | 0.02, 0.00, 0.00
2.92, 0.66, 1.04 | 2.95, 0.59, 1.15 | -0.04, 0.03, 0.05 | 0.01, 0.02, 0.00
2.92, 0.62, 1.10 | 2.95, 0.59, 1.15 | -0.13, 0.04, -0.10 | -0.02, 0.04, 0.00
2.90, 0.66, 1.02 | 2.94, 0.60, 1.14 | -0.07, 0.03, 0.04 | -0.03, 0.03, 0.00
2.90, 0.62, 1.08 | 2.94, 0.60, 1.14 | -0.09, -0.01, -0.01 | -0.04, 0.01, 0.00
2.89, 0.59, 1.12 | 2.93, 0.59, 1.14 | -0.29, 0.06, -0.16 | -0.15, 0.05, 0.00
2.89, 0.63, 1.06 | 2.92, 0.60, 1.14 | -0.32, 0.05, -0.27 | -0.25, 0.05, 0.00
2.91, 0.62, 1.13 | 2.91, 0.60, 1.14 | -0.37, -0.10, -0.26 | -0.32, -0.09, 0.00
2.94, 0.63, 1.16 | 2.91, 0.61, 1.14 | -0.38, 0.09, -0.31 | -0.36, 0.09, 0.00
2.90, 0.60, 1.17 | 2.90, 0.61, 1.14 | -0.47, -0.03, 0.13 | -0.43, -0.03, 0.00
2.90, 0.62, 1.15 | 2.88, 0.61, 1.14 | -0.55, 0.18, -0.08 | -0.51, 0.17, 0.00
2.88, 0.66, 1.11 | 2.87, 0.63, 1.14 | -0.70, 0.28, -0.04 | -0.66, 0.28, 0.00
2.87, 0.74, 1.02 | 2.85, 0.68, 1.14 | -0.91, 0.80, 0.28 | -0.89, 0.80, 0.00
2.82, 0.74, 1.04 | 2.82, 0.71, 1.14 | 0.56, 0.03, 0.36 | 0.21, 0.05, 0.00
2.77, 0.72, 1.05 | 2.78, 0.72, 1.14 | 1.09, -0.38, 0.67 | 1.01, -0.38, 0.00
2.73, 0.73, 1.00 | 2.73, 0.73, 1.14 | 2.75, -1.32, 0.83 | 2.71, -1.32, 0.00
2.66, 0.73, 0.99 | 2.66, 0.73, 1.13 | 2.50, -0.34, 4.25 | 2.50, -0.34, 0.00
2.59, 0.71, 1.02 | 2.61, 0.71, 1.11 | 1.18, -0.53, 3.62 | 1.19, -0.53, 0.00
2.52, 0.68, 1.07 | 2.57, 0.68, 1.10 | 0.50, 0.11, 1.11 | 0.57, 0.10, 0.00
2.47, 0.69, 1.12 | 2.53, 0.68, 1.10 | -0.16, 0.29, 0.78 | -0.03, 0.29, 0.00
2.42, 0.71, 1.14 | 2.49, 0.70, 1.11 | -0.63, 0.51, 0.45 | -0.53, 0.51, 0.00
2.40, 0.70, 1.22 | 2.44, 0.69, 1.13 | -0.32, -0.22, -0.99 | -0.34, -0.22, 0.00
2.32, 0.74, 1.19 | 2.36, 0.72, 1.14 | -0.63, -0.02, -1.95 | -0.62, -0.02, 0.00
2.28, 0.78, 1.17 | 2.30, 0.77, 1.15 | -0.98, -0.49, -2.12 | -0.97, -0.49, 0.00
2.32, 0.79, 1.30 | 2.30, 0.79, 1.19 | -0.47, 0.15, -2.85 | -0.48, 0.15, 0.00
2.33, 0.76, 1.39 | 2.30, 0.77, 1.24 | -0.86, -0.01, -1.56 | -0.84, -0.01, 0.00
2.33, 0.79, 1.43 | 2.31, 0.78, 1.29 | -0.84, -0.01, -1.84 | -0.84, -0.01, 0.00
2.36, 0.76, 1.48 | 2.32, 0.76, 1.34 | -0.94, -0.08, -1.52 | -0.94, -0.08, 0.00
2.37, 0.71, 1.52 | 2.32, 0.74, 1.37 | -0.67, 0.22, -0.20 | -0.73, 0.22, 0.00
2.39, 0.70, 1.56 | 2.33, 0.71, 1.41 | -0.71, 0.17, -0.04 | -0.71, 0.17, 0.00
2.44, 0.67, 1.65 | 2.35, 0.69, 1.44 | -0.47, -0.22, 0.20 | -0.54, -0.21, 0.00
2.44, 0.67, 1.66 | 2.37, 0.67, 1.47 | 0.18, -0.34, 0.27 | -0.08, -0.33, 0.00
2.40, 0.74, 1.54 | 2.37, 0.69, 1.48 | 0.01, 0.13, 0.19 | -0.04, 0.07, 0.00
2.37, 0.77, 1.47 | 2.35, 0.72, 1.48 | 0.01, -0.00, -0.04 | -0.02, 0.03, 0.00
2.34, 0.80, 1.41 | 2.34, 0.75, 1.47 | 0.08, 0.08, -0.14 | 0.01, 0.07, 0.00
2.37, 0.75, 1.47 | 2.34, 0.75, 1.47 | 0.09, 0.13, 0.08 | 0.04, 0.12, 0.00
2.33, 0.79, 1.39 | 2.32, 0.77, 1.47 | 0.19, -0.08, 0.05 | 0.09, -0.05, 0.00
2.34, 0.76, 1.46 | 2.32, 0.77, 1.47 | 0.10, -0.11, -0.22 | 0.10, -0.10, 0.00
2.36, 0.72, 1.49 | 2.32, 0.76, 1.47 | 0.10, -0.01, -0.05 | 0.10, -0.04, 0.00
2.32, 0.74, 1.40 | 2.32, 0.76, 1.47 | 0.10, 0.06, -0.09 | 0.10, 0.04, 0.00
2.34, 0.73, 1.46 | 2.32, 0.75, 1.47 | 0.10, -0.03, 0.14 | 0.10, -0.02, 0.00
2.35, 0.70, 1.49 | 2.32, 0.74, 1.47 | 0.03, 0.06, -0.05 | 0.08, 0.03, 0.00
2.36, 0.69, 1.50 | 2.32, 0.73, 1.47 | -0.01, 0.08, -0.02 | 0.06, 0.06, 0.00
2.37, 0.69, 1.52 | 2.33, 0.72, 1.47 | -0.01, 0.07, -0.07 | 0.04, 0.06, 0.00
2.40, 0.67, 1.56 | 2.35, 0.71, 1.48 | 0.10, 0.01, -0.02 | 0.06, 0.03, 0.00
2.41, 0.64, 1.57 | 2.36, 0.69, 1.48 | 0.05, 0.05, -0.01 | 0.05, 0.04, 0.00
2.44, 0.64, 1.64 | 2.38, 0.68, 1.49 | -0.01, 0.04, -0.00 | 0.04, 0.04, 0.00
2.40, 0.69, 1.54 | 2.38, 0.68, 1.49 | -0.16, 0.06, 0.00 | -0.00, 0.05, 0.00
2.40, 0.67, 1.54 | 2.38, 0.67, 1.50 | -0.19, -0.03, 0.01 | -0.06, -0.02, 0.00
2.38, 0.71, 1.47 | 2.38, 0.68, 1.50 | -0.18, 0.01, -0.05 | -0.10, 0.00, 0.00
2.39, 0.67, 1.52 | 2.39, 0.68, 1.50 | -0.12, 0.09, -0.05 | -0.10, 0.07, 0.00
2.38, 0.69, 1.49 | 2.38, 0.68, 1.50 | 0.01, 0.02, 0.12 | -0.07, 0.04, 0.00
2.36, 0.74, 1.42 | 2.38, 0.69, 1.50 | -0.04, 0.01, -0.12 | -0.06, 0.02, 0.00
2.44, 0.76, 1.41 | 2.39, 0.70, 1.49 | -0.05, 0.02, -0.10 | -0.06, 0.02, 0.00
2.41, 0.79, 1.35 | 2.39, 0.72, 1.49 | -0.02, 0.06, -0.15 | -0.05, 0.05, 0.00
2.38, 0.81, 1.30 | 2.39, 0.73, 1.48 | 0.03, 0.09, 0.01 | -0.03, 0.08, 0.00
2.35, 0.83, 1.26 | 2.38, 0.75, 1.48 | 0.07, -0.09, 0.09 | -0.01, -0.05, 0.00
2.40, 0.76, 1.40 | 2.38, 0.76, 1.47 | 0.06, -0.07, -0.10 | 0.01, -0.06, 0.00
2.38, 0.78, 1.36 | 2.38, 0.77, 1.47 | 0.11, -0.01, -0.03 | 0.04, -0.03, 0.00
2.35, 0.80, 1.33 | 2.38, 0.77, 1.47 | -0.02, 0.04, -0.02 | 0.02, 0.00, 0.00
2.41, 0.77, 1.43 | 2.38, 0.78, 1.47 | 0.03, -0.03, 0.02 | 0.03, -0.01, 0.00
2.43, 0.74, 1.47 | 2.39, 0.78, 1.47 | 0.06, -0.04, -0.05 | 0.03, -0.03, 0.00
2.44, 0.70, 1.49 | 2.40, 0.77, 1.47 | 0.05, 0.03, -0.11 | 0.04, 0.01, 0.00
2.40, 0.75, 1.41 | 2.40, 0.77, 1.47 | 0.02, -0.02, -0.02 | 0.03, -0.00, 0.00
2.43, 0.72, 1.46 | 2.40, 0.76, 1.47 | 0.01, -0.07, -0.07 | 0.03, -0.04, 0.00
2.45, 0.69, 1.51 | 2.41, 0.75, 1.47 | -0.01, -0.06, 0.06 | 0.02, -0.05, 0.00
2.45, 0.67, 1.52 | 2.42, 0.74, 1.47 | -0.07, -0.03, -0.10 | 0.00, -0.04, 0.00
2.46, 0.66, 1.52 | 2.42, 0.73, 1.47 | -0.04, -0.09, -0.06 | -0.01, -0.07, 0.00
2.46, 0.64, 1.51 | 2.43, 0.72, 1.47 | -0.03, 0.06, 0.06 | -0.01, 0.01, 0.00
2.45, 0.62, 1.52 | 2.43, 0.70, 1.48 | 0.01, 0.07, 0.01 | -0.01, 0.04, 0.00
2.45, 0.61, 1.52 | 2.44, 0.69, 1.48 | 0.05, -0.04, -0.15 | 0.01, -0.02, 0.00
2.46, 0.62, 1.53 | 2.44, 0.67, 1.48 | -0.05, -0.07, -0.34 | -0.02, -0.07, 0.00
2.45, 0.61, 1.53 | 2.45, 0.66, 1.48 | 0.12, -0.41, -0.20 | 0.07, -0.40, 0.00
2.42, 0.68, 1.45 | 2.45, 0.66, 1.48 | 0.26, -0.46, -0.28 | 0.21, -0.46, 0.00
2.43, 0.65, 1.48 | 2.45, 0.65, 1.48 | 0.23, -0.12, 0.18 | 0.22, -0.15, 0.00
2.44, 0.63, 1.51 | 2.45, 0.63, 1.48 | 0.23, 0.04, 0.11 | 0.22, 0.02, 0.00
2.45, 0.62, 1.56 | 2.46, 0.62, 1.49 | 0.14, -0.01, 0.16 | 0.19, -0.00, 0.00
2.46, 0.64, 1.54 | 2.47, 0.61, 1.49 | 0.11, 0.08, -0.03 | 0.16, 0.06, 0.00
2.42, 0.70, 1.44 | 2.47, 0.62, 1.49 | 0.08, 0.13, 0.19 | 0.13, 0.12, 0.00
2.45, 0.65, 1.50 | 2.48, 0.62, 1.49 | -0.16, 0.16, 0.14 | 0.01, 0.15, 0.00
2.47, 0.63, 1.54 | 2.48, 0.61, 1.49 | -0.20, -0.02, 0.07 | -0.08, 0.01, 0.00
2.47, 0.64, 1.59 | 2.49, 0.61, 1.49 | -0.21, -0.02, -0.04 | -0.13, -0.01, 0.00
2.49, 0.65, 1.62 | 2.50, 0.61, 1.50 | 0.23, -0.10, 0.07 | 0.02, -0.09, 0.00
2.49, 0.67, 1.62 | 2.50, 0.62, 1.50 | -0.02, -0.11, 0.06 | 0.00, -0.11, 0.00
2.51, 0.67, 1.64 | 2.51, 0.62, 1.50 | -0.03, -0.11, 0.19 | -0.01, -0.11, 0.00
2.53, 0.68, 1.65 | 2.52, 0.63, 1.51 | 0.09, -0.15, -0.13 | 0.03, -0.14, 0.00
2.52, 0.66, 1.70 | 2.53, 0.63, 1.51 | 0.08, -0.14, -0.09 | 0.05, -0.14, 0.00
2.53, 0.67, 1.71 | 2.54, 0.63, 1.52 | -0.09, -0.08, 0.00 | 0.01, -0.10, 0.00
2.53, 0.64, 1.75 | 2.54, 0.62, 1.52 | -0.09, 0.07, 0.25 | -0.03, 0.05, 0.00
2.53, 0.63, 1.76 | 2.55, 0.62, 1.53 | -0.11, 0.19, -0.03 | -0.06, 0.16, 0.00
2.47, 0.68, 1.61 | 2.54, 0.62, 1.53 | 0.19, 0.09, -0.11 | 0.04, 0.10, 0.00
2.50, 0.66, 1.66 | 2.54, 0.63, 1.54 | 0.20, 0.07, -0.20 | 0.11, 0.07, 0.00
2.50, 0.61, 1.64 | 2.54, 0.62, 1.54 | 0.02, 0.03, 0.22 | 0.08, 0.04, 0.00
2.49, 0.59, 1.63 | 2.54, 0.61, 1.54 | 0.10, -0.21, -0.35 | 0.09, -0.19, 0.00
2.51, 0.56, 1.72 | 2.54, 0.59, 1.55 | -0.35, -0.06, 0.13 | -0.16, -0.07, 0.00
2.49, 0.57, 1.71 | 2.53, 0.59, 1.55 | -0.08, 0.04, 0.21 | -0.12, 0.02, 0.00
2.42, 0.65, 1.58 | 2.52, 0.59, 1.55 | 0.01, 0.09, -0.15 | -0.07, 0.08, 0.00
2.39, 0.72, 1.51 | 2.49, 0.62, 1.55 | 0.48, -0.14, 0.36 | 0.31, -0.13, 0.00
2.42, 0.70, 1.59 | 2.48, 0.64, 1.56 | -0.11, -0.24, -0.12 | 0.09, -0.23, 0.00
2.41, 0.68, 1.58 | 2.46, 0.65, 1.56 | 0.03, 0.25, 0.62 | 0.04, 0.24, 0.00
2.42, 0.68, 1.58 | 2.45, 0.66, 1.56 | -0.74, -0.00, 1.17 | -0.67, -0.00, 0.00
2.42, 0.69, 1.60 | 2.43, 0.67, 1.56 | 1.11, -0.28, 0.55 | 0.93, -0.28, 0.00
2.37, 0.73, 1.51 | 2.41, 0.69, 1.56 | -0.14, 0.11, -0.13 | 0.36, 0.05, 0.00
2.39, 0.72, 1.60 | 2.40, 0.71, 1.56 | -1.33, 0.49, -0.74 | -1.21, 0.49, 0.00
2.42, 0.68, 1.68 | 2.41, 0.70, 1.57 | -0.37, -0.15, -0.46 | -0.59, -0.14, 0.00
2.36, 0.75, 1.58 | 2.37, 0.74, 1.57 | -0.69, 0.93, -2.10 | -0.68, 0.93, 0.00
2.37, 0.72, 1.67 | 2.37, 0.72, 1.58 | 0.71, -0.94, -2.62 | 0.68, -0.94, 0.00
2.32, 0.74, 1.61 | 2.34, 0.74, 1.59 | 0.91, 0.01, -1.18 | 0.89, 0.00, 0.00
2.31, 0.72, 1.61 | 2.31, 0.73, 1.59 | 1.94, 0.25, -1.45 | 1.90, 0.25, 0.00
2.31, 0.71, 1.64 | 2.31, 0.71, 1.61 | 2.03, 0.55, -1.69 | 2.02, 0.55, 0.00
2.30, 0.69, 1.62 | 2.32, 0.70, 1.61 | 0.39, 0.18, -0.80 | 0.66, 0.18, 0.00
2.29, 0.71, 1.57 | 2.31, 0.71, 1.60 | -0.14, 0.45, 2.14 | -0.11, 0.45, 0.00
2.26, 0.73, 1.56 | 2.28, 0.73, 1.59 | 0.09, 0.34, 3.11 | 0.09, 0.34, 0.00
2.22, 0.77, 1.52 | 2.25, 0.77, 1.57 | -0.89, 0.38, 2.07 | -0.85, 0.38, 0.00
2.22, 0.75, 1.45 | 2.23, 0.75, 1.53 | -1.74, 2.08, 1.65 | -1.72, 2.08, 0.00
2.26, 0.74, 1.41 | 2.25, 0.76, 1.50 | -1.08, 0.11, 0.91 | -1.13, 0.12, 0.00
2.28, 0.75, 1.38 | 2.26, 0.77, 1.47 | -0.71, 1.07, 0.10 | -0.75, 1.07, 0.00
2.29, 0.78, 1.30 | 2.28, 0.78, 1.44 | -0.04, 1.67, 0.31 | -0.08, 1.67, 0.00
2.29, 0.80, 1.27 | 2.28, 0.81, 1.40 | -0.48, 1.82, -1.12 | -0.47, 1.82, 0.00
2.30, 0.81, 1.30 | 2.28, 0.84, 1.38 | -0.50, 0.36, 0.65 | -0.49, 0.38, 0.00
2.33, 0.83, 1.32 | 2.30, 0.86, 1.37 | 1.18, 0.19, 0.45 | 1.01, 0.19, 0.00
2.34, 0.89, 1.33 | 2.31, 0.91, 1.36 | -0.22, -0.37, 0.39 | 0.12, -0.35, 0.00
2.33, 0.96, 1.35 | 2.33, 0.96, 1.36 | -2.65, 0.82, 0.14 | -2.58, 0.82, 0.00
2.31, 1.02, 1.38 | 2.31, 1.02, 1.37 | 0.13, -0.98, -1.19 | -0.06, -0.97, 0.00
2.27, 1.10, 1.39 | 2.27, 1.10, 1.37 | 1.50, -1.84, 0.85 | 1.45, -1.84, 0.00
2.24, 1.20, 1.41 | 2.25, 1.18, 1.38 | 0.54, -1.29, 0.50 | 0.61, -1.29, 0.00
2.26, 1.27, 1.44 | 2.25, 1.25, 1.40 | -0.76, -1.33, -0.60 | -0.67, -1.33, 0.00
2.27, 1.34, 1.41 | 2.26, 1.32, 1.40 | -2.06, 0.96, 0.18 | -2.01, 0.95, 0.00
2.23, 1.39, 1.48 | 2.24, 1.37, 1.42 | -0.32, 0.02, -0.22 | -0.94, 0.07, 0.00
2.22, 1.44, 1.54 | 2.21, 1.43, 1.45 | 0.99, -2.20, -0.06 | 0.93, -2.20, 0.00
2.26, 1.59, 1.51 | 2.23, 1.56, 1.47 | 1.24, -2.22, -0.23 | 1.23, -2.22, 0.00
2.24, 1.69, 1.43 | 2.24, 1.66, 1.45 | -1.62, -2.19, 0.37 | -1.55, -2.19, 0.00
2.29, 1.80, 1.41 | 2.27, 1.76, 1.44 | 2.20, 0.85, -0.64 | 2.08, 0.84, 0.00
2.29, 1.87, 1.40 | 2.28, 1.84, 1.43 | -2.07, -0.05, -0.51 | -1.91, -0.05, 0.00
2.31, 1.90, 1.40 | 2.29, 1.89, 1.43 | -1.82, -0.83, -1.11 | -1.82, -0.83, 0.00
2.29, 1.98, 1.37 | 2.28, 1.95, 1.42 | -0.53, -1.39, -0.63 | -0.61, -1.39, 0.00
2.30, 2.03, 1.36 | 2.29, 2.02, 1.41 | -0.78, -1.97, -2.03 | -0.78, -1.97, 0.00
2.30, 2.11, 1.32 | 2.28, 2.08, 1.39 | -0.44, -1.58, -1.00 | -0.46, -1.58, 0.00
2.31, 2.17, 1.26 | 2.28, 2.14, 1.36 | 0.37, -0.90, 2.02 | 0.33, -0.90, 0.00
2.32, 2.25, 1.20 | 2.29, 2.20, 1.33 | 0.39, -0.21, 1.19 | 0.38, -0.21, 0.00
2.32, 2.29, 1.17 | 2.29, 2.24, 1.30 | 0.09, 0.05, 0.83 | 0.15, 0.05, 0.00
2.32, 2.34, 1.11 | 2.30, 2.30, 1.27 | 0.89, -0.50, 1.22 | 0.84, -0.50, 0.00
2.34, 2.36, 1.07 | 2.31, 2.33, 1.24 | 0.16, 0.52, -0.69 | 0.27, 0.51, 0.00
2.34, 2.38, 1.02 | 2.33, 2.36, 1.20 | -0.12, -0.08, 0.79 | -0.04, -0.07, 0.00
2.33, 2.39, 0.99 | 2.33, 2.39, 1.08 | -1.34, 7.17, -3.68 | -1.33, 7.17, 0.00
2.33, 2.42, 0.96 | 2.33, 2.43, 1.03 | 0.13, -0.33, 0.50 | -0.25, -0.15, 0.00
2.34, 2.45, 0.91 | 2.33, 2.46, 0.99 | -0.30, 1.29, -2.27 | -0.30, 1.29, 0.00
2.35, 2.45, 0.90 | 2.35, 2.45, 0.94 | 4.94, 3.10, -0.15 | 4.91, 3.10, 0.00
2.33, 2.45, 0.89 | 2.33, 2.45, 0.90 | -3.33, 11.69, 6.37 | -3.32, 11.69, 0.00
2.31, 2.44, 0.89 | 2.32, 2.47, 0.90 | 1.87, 1.76, 2.27 | 1.79, 1.77, 0.00
2.30, 2.44, 0.87 | 2.30, 2.46, 0.89 | 4.32, -0.79, -0.42 | 4.29, -0.79, 0.00
2.30, 2.43, 0.88 | 2.30, 2.44, 0.88 | -2.10, -3.86, 12.89 | -2.09, -3.86, 0.00
2.28, 2.42, 0.90 | 2.29, 2.44, 0.89 | -3.72, -0.68, -1.30 | -3.70, -0.68, 0.00
2.26, 2.43, 0.90 | 2.27, 2.45, 0.90 | 0.65, -1.33, 1.19 | 0.43, -1.33, 0.00
2.21, 2.44, 0.96 | 2.22, 2.46, 0.91 | 0.01, -0.51, -0.19 | 0.13, -0.54, 0.00
2.20, 2.42, 0.97 | 2.20, 2.44, 0.93 | -0.17, 1.26, -0.58 | -0.15, 1.25, 0.00
2.19, 2.40, 1.01 | 2.19, 2.41, 0.95 | -1.82, 0.43, -1.52 | -1.76, 0.43, 0.00
2.20, 2.40, 1.00 | 2.19, 2.40, 0.97 | 0.62, -0.06, 3.00 | 0.58, -0.06, 0.00
2.20, 2.38, 1.01 | 2.17, 2.40, 0.98 | 0.06, 0.17, -0.05 | 0.30, 0.12, 0.00
2.20, 2.36, 1.03 | 2.17, 2.38, 0.99 | -0.19, -0.45, 0.02 | -0.01, -0.43, 0.00
2.16, 2.42, 1.04 | 2.15, 2.40, 1.00 | -0.09, -0.39, 0.12 | -0.06, -0.40, 0.00
2.16, 2.46, 1.04 | 2.15, 2.43, 1.00 | -0.03, -0.18, 0.12 | -0.05, -0.21, 0.00
2.22, 2.43, 1.02 | 2.17, 2.43, 1.01 | -0.10, -0.24, 0.05 | -0.07, -0.24, 0.00
2.23, 2.43, 0.99 | 2.19, 2.43, 1.01 | -0.08, -0.13, 0.10 | -0.07, -0.15, 0.00
2.18, 2.46, 1.02 | 2.18, 2.44, 1.01 | -0.03, -0.15, 0.12 | -0.06, -0.15, 0.00
2.14, 2.48, 1.05 | 2.16, 2.46, 1.01 | -0.05, -0.08, 0.08 | -0.05, -0.10, 0.00
2.06, 2.57, 1.10 | 2.13, 2.50, 1.02 | -0.04, -0.05, 0.13 | -0.05, -0.06, 0.00
2.09, 2.55, 1.08 | 2.10, 2.52, 1.03 | -0.00, -0.08, 0.02 | -0.04, -0.07, 0.00
2.10, 2.53, 1.05 | 2.09, 2.53, 1.03 | -0.01, -0.04, 0.18 | -0.03, -0.05, 0.00
2.11, 2.51, 1.04 | 2.09, 2.53, 1.03 | -0.01, -0.05, 0.03 | -0.03, -0.05, 0.00
2.12, 2.49, 1.03 | 2.09, 2.52, 1.03 | 0.06, 0.01, 0.04 | -0.01, -0.02, 0.00
2.13, 2.48, 1.03 | 2.09, 2.52, 1.03 | 0.00, -0.01, 0.10 | -0.01, -0.01, 0.00
2.16, 2.45, 1.04 | 2.10, 2.50, 1.04 | 0.03, -0.05, 0.19 | 0.00, -0.04, 0.00
2.17, 2.41, 1.06 | 2.11, 2.48, 1.04 | 0.01, -0.07, 0.60 | 0.01, -0.07, 0.00
2.16, 2.41, 1.07 | 2.12, 2.46, 1.04 | 0.04, 0.03, 0.21 | 0.02, 0.01, 0.00
2.17, 2.40, 1.08 | 2.13, 2.44, 1.04 | -0.05, -0.04, 0.06 | -0.00, -0.02, 0.00
2.11, 2.45, 1.09 | 2.12, 2.44, 1.05 | -0.00, -0.04, 0.11 | -0.00, -0.04, 0.00
2.12, 2.44, 1.07 | 2.12, 2.44, 1.05 | 0.13, 1.05, -0.97 | 0.11, 1.05, 0.00
2.04, 2.53, 1.13 | 2.09, 2.48, 1.06 | 0.02, -0.21, 0.72 | 0.04, -0.19, 0.00
2.09, 2.47, 1.11 | 2.09, 2.48, 1.06 | -0.29, -0.35, 0.42 | -0.20, -0.35, 0.00
2.00, 2.55, 1.17 | 2.06, 2.50, 1.07 | -0.03, -0.02, -0.05 | -0.13, -0.16, 0.00
2.03, 2.49, 1.15 | 2.05, 2.50, 1.08 | 0.00, -0.02, 0.12 | -0.08, -0.06, 0.00
2.04, 2.46, 1.15 | 2.04, 2.49, 1.08 | -0.69, -0.10, -0.17 | -0.54, -0.10, 0.00
2.01, 2.47, 1.16 | 2.02, 2.48, 1.09 | 0.05, 0.26, 0.39 | -0.15, 0.24, 0.00
1.94, 2.53, 1.20 | 1.99, 2.50, 1.10 | -0.02, -0.07, 0.21 | -0.09, -0.02, 0.00
1.95, 2.55, 1.20 | 1.97, 2.52, 1.10 | -0.04, -0.04, 0.12 | -0.07, -0.04, 0.00
2.02, 2.51, 1.15 | 1.97, 2.52, 1.11 | -0.02, 0.07, 0.10 | -0.06, 0.04, 0.00
2.06, 2.47, 1.13 | 1.98, 2.51, 1.11 | -0.00, -0.02, 0.09 | -0.04, 0.00, 0.00
2.08, 2.44, 1.12 | 1.99, 2.49, 1.11 | 0.04, -0.07, 0.20 | -0.02, -0.06, 0.00
2.12, 2.41, 1.10 | 2.01, 2.47, 1.11 | -0.08, -0.03, 0.03 | -0.03, -0.04, 0.00
2.14, 2.40, 1.09 | 2.03, 2.45, 1.11 | -0.04, -0.00, -0.01 | -0.03, -0.02, 0.00
2.14, 2.42, 1.09 | 2.05, 2.44, 1.11 | 0.00, 0.00, 0.16 | -0.02, -0.00, 0.00
2.14, 2.42, 1.10 | 2.07, 2.43, 1.11 | -0.02, -0.07, 0.13 | -0.02, -0.05, 0.00
2.16, 2.41, 1.10 | 2.09, 2.42, 1.11 | 0.04, -0.03, 0.24 | 0.00, -0.03, 0.00
2.16, 2.39, 1.08 | 2.10, 2.41, 1.11 | -0.05, -0.04, 0.17 | -0.02, -0.03, 0.00
2.14, 2.39, 1.10 | 2.11, 2.40, 1.12 | 0.05, -0.00, 0.13 | 0.01, -0.01, 0.00
