1.22, 3.75, 1.19 | 1.21, 3.74, 1.23 | 0.08, 0.01, -0.03 | 0.06, 0.01, -0.00
1.21, 3.76, 1.17 | 1.21, 3.74, 1.23 | 0.05, -0.01, -0.03 | 0.05, -0.01, -0.00
1.21, 3.75, 1.20 | 1.22, 3.74, 1.23 | 0.06, -0.00, -0.02 | 0.06, -0.00, -0.00
1.20, 3.77, 1.27 | 1.21, 3.75, 1.23 | 0.06, 0.02, -0.03 | 0.06, 0.01, -0.00
1.20, 3.78, 1.30 | 1.21, 3.76, 1.23 | 0.05, -0.02, -0.03 | 0.05, -0.01, -0.00
1.20, 3.78, 1.35 | 1.21, 3.76, 1.23 | 0.04, -0.01, -0.02 | 0.05, -0.01, -0.00
1.21, 3.78, 1.29 | 1.22, 3.77, 1.23 | 0.04, 0.01, -0.04 | 0.05, 0.01, -0.00
1.22, 3.78, 1.23 | 1.22, 3.77, 1.23 | 0.02, -0.00, -0.04 | 0.04, 0.00, -0.00
1.22, 3.79, 1.20 | 1.22, 3.78, 1.23 | 0.01, 0.01, -0.03 | 0.03, 0.01, -0.00
1.22, 3.76, 1.17 | 1.22, 3.78, 1.23 | 0.02, -0.01, -0.04 | 0.03, -0.01, -0.00
1.21, 3.74, 1.21 | 1.23, 3.77, 1.23 | 0.03, 0.00, -0.03 | 0.03, 0.00, -0.00
1.22, 3.75, 1.19 | 1.23, 3.77, 1.23 | 0.04, 0.00, -0.02 | 0.03, 0.00, -0.00
1.22, 3.73, 1.22 | 1.23, 3.76, 1.23 | 0.02, -0.01, -0.04 | 0.03, -0.01, -0.00
1.23, 3.71, 1.23 | 1.23, 3.75, 1.23 | 0.01, -0.00, -0.02 | 0.02, -0.00, -0.00
1.22, 3.73, 1.28 | 1.24, 3.75, 1.23 | 0.02, 0.00, -0.01 | 0.02, 0.00, -0.00
1.23, 3.74, 1.26 | 1.24, 3.75, 1.23 | 0.01, 0.01, -0.01 | 0.02, 0.01, -0.00
1.22, 3.73, 1.29 | 1.24, 3.74, 1.23 | 0.02, 0.02, -0.02 | 0.02, 0.01, -0.00
1.23, 3.74, 1.28 | 1.24, 3.74, 1.23 | 0.02, 0.00, -0.02 | 0.02, 0.01, -0.00
1.24, 3.74, 1.23 | 1.24, 3.74, 1.23 | 0.01, -0.01, -0.03 | 0.02, -0.00, -0.00
1.23, 3.76, 1.24 | 1.25, 3.74, 1.23 | 0.01, 0.00, -0.02 | 0.02, -0.00, -0.00
1.20, 3.77, 1.32 | 1.24, 3.75, 1.23 | 0.01, -0.00, -0.02 | 0.02, -0.00, -0.00
1.20, 3.76, 1.34 | 1.24, 3.75, 1.23 | -0.01, 0.00, -0.03 | 0.01, 0.00, 0.00
1.20, 3.76, 1.37 | 1.24, 3.75, 1.23 | 0.01, -0.01, -0.03 | 0.01, -0.00, 0.00
1.23, 3.76, 1.34 | 1.24, 3.75, 1.23 | -0.01, -0.00, -0.02 | 0.01, -0.00, 0.00
1.22, 3.76, 1.33 | 1.24, 3.75, 1.23 | 0.02, -0.00, -0.03 | 0.01, -0.00, 0.00
1.22, 3.81, 1.23 | 1.24, 3.76, 1.23 | 0.00, 0.01, -0.05 | 0.01, 0.00, 0.00
1.22, 3.84, 1.19 | 1.24, 3.77, 1.23 | 0.00, 0.01, -0.02 | 0.01, 0.00, 0.00
1.22, 3.82, 1.19 | 1.24, 3.78, 1.23 | 0.00, -0.01, -0.01 | 0.01, -0.00, 0.00
1.21, 3.84, 1.25 | 1.24, 3.79, 1.23 | -0.01, -0.00, -0.03 | 0.00, -0.00, 0.00
1.20, 3.86, 1.24 | 1.24, 3.80, 1.23 | 0.01, -0.00, -0.02 | 0.00, -0.00, 0.00
1.19, 3.87, 1.29 | 1.23, 3.81, 1.23 | -0.01, -0.03, -0.04 | 0.00, -0.02, 0.00
1.21, 3.89, 1.21 | 1.23, 3.82, 1.23 | 0.00, -0.01, -0.03 | 0.00, -0.01, 0.00
1.22, 3.89, 1.23 | 1.23, 3.83, 1.23 | 0.01, 0.00, -0.04 | 0.00, -0.00, 0.00
1.21, 3.92, 1.28 | 1.23, 3.85, 1.23 | 0.00, 0.00, -0.04 | 0.00, 0.00, 0.00
1.18, 3.96, 1.37 | 1.23, 3.87, 1.24 | -0.10, -0.03, -0.05 | -0.04, -0.03, 0.00
1.16, 3.99, 1.39 | 1.22, 3.89, 1.24 | 0.12, 0.03, 0.08 | 0.06, 0.03, 0.00
1.17, 3.99, 1.33 | 1.21, 3.93, 1.25 | -0.16, 0.10, 0.41 | -0.15, 0.10, 0.00
1.18, 4.00, 1.35 | 1.19, 3.99, 1.25 | -1.93, 0.16, -0.80 | -1.92, 0.16, 0.00
1.17, 3.98, 1.38 | 1.17, 3.98, 1.27 | -0.99, 0.72, 1.91 | -0.99, 0.72, 0.00
1.16, 3.94, 1.35 | 1.15, 3.96, 1.27 | -0.75, 0.26, 0.50 | -0.75, 0.26, 0.01
1.10, 3.92, 1.46 | 1.11, 3.92, 1.29 | -1.68, 0.30, 0.40 | -1.67, 0.30, 0.01
1.04, 3.92, 1.53 | 1.05, 3.92, 1.30 | -0.39, -0.57, 0.27 | -0.44, -0.57, 0.01
0.99, 3.89, 1.62 | 0.99, 3.90, 1.32 | 0.36, -1.12, -0.28 | 0.35, -1.12, 0.01
0.87, 3.90, 1.77 | 0.89, 3.90, 1.34 | 0.89, -1.07, -0.41 | 0.88, -1.07, 0.01
0.85, 3.80, 1.78 | 0.85, 3.81, 1.37 | 0.83, 1.32, 1.22 | 0.83, 1.32, 0.01
0.85, 3.63, 1.60 | 0.83, 3.65, 1.40 | 0.67, 1.47, 0.64 | 0.67, 1.47, 0.02
0.85, 3.51, 1.51 | 0.84, 3.52, 1.40 | 1.66, 0.33, -1.27 | 1.65, 0.33, 0.02
0.89, 3.38, 1.43 | 0.87, 3.40, 1.41 | 0.77, 1.86, -0.04 | 0.77, 1.86, 0.02
0.91, 3.29, 1.43 | 0.89, 3.31, 1.42 | -0.29, 1.21, -0.31 | -0.28, 1.21, 0.02
0.96, 3.19, 1.38 | 0.94, 3.21, 1.42 | 0.22, 1.36, -0.53 | 0.22, 1.36, 0.01
1.00, 3.08, 1.43 | 0.98, 3.09, 1.43 | -0.84, 1.41, 0.45 | -0.84, 1.41, 0.02
1.06, 3.00, 1.38 | 1.04, 3.01, 1.44 | -1.01, 1.24, 0.62 | -1.01, 1.24, 0.02
1.12, 2.92, 1.36 | 1.09, 2.94, 1.44 | -0.57, 0.50, -0.49 | -0.58, 0.50, 0.01
1.19, 2.86, 1.41 | 1.18, 2.86, 1.45 | -2.40, 0.67, 2.65 | -2.40, 0.67, 0.02
1.16, 2.77, 1.52 | 1.16, 2.78, 1.47 | -1.16, -1.82, -0.01 | -1.16, -1.82, 0.02
1.24, 2.83, 1.36 | 1.20, 2.81, 1.47 | -0.53, 0.03, 0.67 | -0.55, 0.03, 0.02
1.26, 2.80, 1.41 | 1.25, 2.80, 1.47 | -2.03, -1.28, -0.71 | -2.03, -1.28, 0.01
1.30, 2.73, 1.39 | 1.27, 2.74, 1.48 | 0.35, 0.19, 0.16 | 0.14, 0.18, 0.01
1.33, 2.68, 1.39 | 1.30, 2.69, 1.48 | 0.45, -1.10, 0.22 | 0.44, -1.10, 0.01
1.32, 2.66, 1.48 | 1.31, 2.66, 1.49 | 0.04, -1.76, -0.26 | 0.05, -1.76, 0.01
1.31, 2.64, 1.54 | 1.31, 2.63, 1.49 | 0.29, -0.18, -0.76 | 0.28, -0.18, 0.01
1.31, 2.60, 1.49 | 1.31, 2.59, 1.50 | -0.03, 0.40, -0.06 | -0.00, 0.40, 0.01
1.30, 2.58, 1.54 | 1.31, 2.57, 1.52 | 0.65, 1.64, 1.27 | 0.65, 1.64, 0.01
1.31, 2.55, 1.63 | 1.31, 2.55, 1.54 | 0.66, 0.26, 1.15 | 0.66, 0.26, 0.01
1.35, 2.51, 1.66 | 1.34, 2.51, 1.55 | 0.63, -0.80, -0.47 | 0.63, -0.80, 0.02
1.35, 2.51, 1.61 | 1.35, 2.50, 1.56 | 0.32, 0.59, -2.18 | 0.32, 0.59, 0.01
1.34, 2.50, 1.69 | 1.34, 2.50, 1.57 | -0.54, -1.54, -2.71 | -0.54, -1.54, 0.01
1.35, 2.49, 1.69 | 1.36, 2.48, 1.58 | -0.22, -1.57, -0.93 | -0.22, -1.57, 0.02
1.35, 2.50, 1.75 | 1.36, 2.49, 1.60 | -0.66, -1.87, -0.56 | -0.65, -1.87, 0.02
1.34, 2.52, 1.78 | 1.35, 2.51, 1.63 | 0.02, 0.60, 2.46 | 0.02, 0.60, 0.02
1.34, 2.53, 1.78 | 1.34, 2.52, 1.65 | 0.32, 1.35, -0.39 | 0.31, 1.35, 0.02
1.33, 2.56, 1.81 | 1.33, 2.55, 1.67 | 0.50, -1.17, 1.60 | 0.50, -1.17, 0.02
1.33, 2.60, 1.84 | 1.33, 2.58, 1.69 | 0.29, 0.17, -0.42 | 0.30, 0.16, 0.02
1.32, 2.60, 1.81 | 1.33, 2.59, 1.71 | -0.22, 0.93, -0.00 | -0.21, 0.93, 0.02
1.32, 2.62, 1.82 | 1.33, 2.62, 1.73 | 0.50, 1.07, 0.24 | 0.49, 1.07, 0.02
1.31, 2.61, 1.80 | 1.32, 2.62, 1.74 | 0.42, -0.69, -1.16 | 0.42, -0.69, 0.02
1.30, 2.62, 1.79 | 1.31, 2.62, 1.76 | 0.68, 0.10, -0.23 | 0.67, 0.10, 0.02
1.29, 2.62, 1.81 | 1.30, 2.62, 1.77 | 1.19, -0.10, -0.65 | 1.18, -0.10, 0.02
1.27, 2.60, 1.77 | 1.29, 2.61, 1.79 | 0.31, 0.13, 0.25 | 0.39, 0.13, 0.02
1.32, 2.59, 1.70 | 1.32, 2.60, 1.79 | -1.14, -0.37, -0.98 | -1.13, -0.37, 0.02
1.33, 2.60, 1.66 | 1.33, 2.60, 1.80 | 0.23, -0.27, -0.70 | 0.19, -0.27, 0.02
1.34, 2.61, 1.63 | 1.34, 2.61, 1.80 | 1.58, -0.30, -1.44 | 1.58, -0.30, 0.02
1.32, 2.65, 1.68 | 1.34, 2.64, 1.80 | 0.04, -0.28, -0.94 | 0.07, -0.28, 0.02
1.32, 2.65, 1.68 | 1.34, 2.65, 1.81 | 0.10, -0.02, 0.54 | 0.10, -0.02, 0.02
1.29, 2.68, 1.71 | 1.33, 2.66, 1.82 | -0.18, 0.25, 0.17 | -0.14, 0.25, 0.02
1.29, 2.66, 1.71 | 1.32, 2.66, 1.83 | -0.04, -0.03, 0.12 | -0.08, -0.01, 0.02
1.30, 2.67, 1.67 | 1.31, 2.67, 1.83 | -0.19, -0.10, 0.61 | -0.19, -0.10, 0.02
1.28, 2.67, 1.75 | 1.30, 2.67, 1.84 | 0.05, -0.02, 0.03 | -0.06, -0.04, 0.02
1.29, 2.68, 1.74 | 1.29, 2.68, 1.85 | -0.08, 0.18, -0.83 | -0.08, 0.18, 0.02
1.30, 2.69, 1.68 | 1.29, 2.69, 1.85 | 0.17, -0.16, -0.99 | 0.17, -0.16, 0.02
1.27, 2.70, 1.78 | 1.28, 2.70, 1.86 | -0.18, 0.12, 0.96 | -0.18, 0.12, 0.01
1.28, 2.70, 1.76 | 1.28, 2.70, 1.87 | 0.16, 0.26, -0.05 | 0.11, 0.25, 0.01
1.30, 2.68, 1.70 | 1.29, 2.69, 1.87 | -0.31, 0.18, 0.43 | -0.28, 0.18, 0.01
1.30, 2.68, 1.75 | 1.29, 2.69, 1.88 | 0.22, 0.01, -0.16 | 0.13, 0.01, 0.01
1.36, 2.82, 1.62 | 1.32, 2.75, 1.88 | 0.08, 0.01, 0.16 | 0.10, 0.01, 0.01
1.36, 2.76, 1.63 | 1.34, 2.77, 1.88 | 0.01, 0.23, 0.52 | 0.02, 0.23, 0.01
1.37, 2.71, 1.59 | 1.35, 2.75, 1.88 | 0.26, 0.26, 0.02 | 0.23, 0.26, 0.01
1.32, 2.68, 1.68 | 1.35, 2.73, 1.88 | 0.04, -0.12, 0.16 | 0.09, -0.11, 0.01
1.29, 2.66, 1.75 | 1.34, 2.71, 1.89 | -0.07, 0.12, -0.14 | -0.03, 0.11, 0.01
1.27, 2.64, 1.80 | 1.32, 2.68, 1.90 | -0.25, 0.08, 0.19 | -0.21, 0.08, 0.01
1.24, 2.64, 1.83 | 1.29, 2.67, 1.91 | 0.05, -0.01, -0.19 | -0.02, -0.01, 0.01
1.25, 2.65, 1.76 | 1.28, 2.66, 1.91 | 0.00, 0.14, -0.04 | -0.01, 0.13, 0.01
1.26, 2.65, 1.70 | 1.27, 2.65, 1.91 | -0.17, 0.00, -0.06 | -0.12, 0.01, 0.01
1.28, 2.65, 1.63 | 1.27, 2.65, 1.91 | 0.10, -0.07, 0.05 | 0.01, -0.07, 0.01
1.24, 2.64, 1.68 | 1.26, 2.65, 1.92 | 0.14, -0.00, 0.01 | 0.09, -0.00, 0.01
1.26, 2.63, 1.61 | 1.25, 2.64, 1.91 | 0.00, 0.02, 0.01 | 0.05, 0.01, 0.01
1.29, 2.61, 1.56 | 1.26, 2.63, 1.91 | 0.04, -0.01, -0.02 | 0.05, -0.01, 0.01
1.26, 2.63, 1.65 | 1.26, 2.63, 1.91 | 0.09, -0.07, 0.00 | 0.07, -0.06, 0.01
1.23, 2.65, 1.75 | 1.25, 2.63, 1.91 | -0.03, -0.10, -0.02 | 0.02, -0.09, 0.01
1.21, 2.67, 1.83 | 1.24, 2.64, 1.92 | -0.07, -0.07, 0.02 | -0.03, -0.07, 0.01
1.26, 2.68, 1.71 | 1.24, 2.64, 1.92 | -0.06, -0.04, -0.04 | -0.04, -0.04, 0.01
1.27, 2.67, 1.65 | 1.24, 2.65, 1.92 | 0.03, -0.05, 0.01 | -0.02, -0.05, 0.01
1.28, 2.66, 1.61 | 1.25, 2.65, 1.92 | 0.02, -0.07, -0.11 | 0.01, -0.06, 0.01
1.28, 2.67, 1.66 | 1.25, 2.65, 1.92 | -0.01, -0.06, -0.11 | -0.00, -0.06, 0.01
1.28, 2.67, 1.64 | 1.25, 2.65, 1.92 | 0.05, 0.01, -0.03 | 0.02, -0.01, 0.01
1.30, 2.68, 1.59 | 1.26, 2.66, 1.92 | -0.04, 0.03, -0.02 | 0.00, 0.02, 0.01
1.28, 2.70, 1.68 | 1.26, 2.66, 1.92 | -0.08, -0.08, 0.04 | -0.04, -0.07, 0.01
1.30, 2.67, 1.59 | 1.27, 2.66, 1.92 | -0.06, -0.03, -0.08 | -0.05, -0.03, 0.01
1.28, 2.67, 1.62 | 1.27, 2.66, 1.91 | -0.01, 0.04, -0.02 | -0.04, 0.02, 0.01
1.29, 2.66, 1.59 | 1.27, 2.66, 1.91 | -0.00, 0.01, -0.05 | -0.02, 0.02, 0.01
1.29, 2.68, 1.61 | 1.27, 2.66, 1.91 | -0.02, -0.01, -0.04 | -0.02, -0.00, 0.01
1.30, 2.68, 1.55 | 1.28, 2.67, 1.90 | -0.04, 0.03, 0.00 | -0.03, 0.03, 0.01
1.31, 2.69, 1.57 | 1.28, 2.67, 1.90 | 0.01, 0.06, -0.03 | -0.01, 0.05, 0.01
1.32, 2.69, 1.57 | 1.29, 2.67, 1.90 | -0.06, 0.10, -0.05 | -0.04, 0.09, 0.01
1.32, 2.71, 1.57 | 1.29, 2.68, 1.89 | 0.02, 0.08, 0.07 | -0.01, 0.08, 0.01
1.28, 2.71, 1.69 | 1.29, 2.69, 1.90 | -0.01, 0.05, -0.03 | -0.01, 0.05, 0.01
1.29, 2.72, 1.65 | 1.29, 2.70, 1.90 | 0.01, 0.07, -0.01 | -0.00, 0.07, 0.01
1.28, 2.73, 1.67 | 1.29, 2.71, 1.90 | 0.04, 0.05, -0.05 | 0.02, 0.05, 0.01
1.28, 2.70, 1.65 | 1.29, 2.71, 1.90 | 0.05, -0.02, 0.00 | 0.03, -0.00, 0.01
1.27, 2.68, 1.65 | 1.29, 2.71, 1.90 | 0.04, 0.01, -0.03 | 0.03, 0.01, 0.01
1.27, 2.68, 1.62 | 1.28, 2.71, 1.89 | -0.01, 0.02, 0.01 | 0.02, 0.02, 0.01
1.28, 2.67, 1.58 | 1.28, 2.71, 1.89 | -0.05, 0.04, -0.02 | -0.00, 0.04, 0.01
1.28, 2.68, 1.58 | 1.28, 2.70, 1.89 | 0.06, 0.01, -0.02 | 0.02, 0.01, 0.01
1.32, 2.78, 1.44 | 1.29, 2.72, 1.88 | 0.02, 0.08, -0.00 | 0.02, 0.07, 0.01
1.31, 2.75, 1.49 | 1.29, 2.73, 1.87 | -0.05, 0.05, -0.01 | -0.01, 0.05, 0.01
1.31, 2.72, 1.47 | 1.29, 2.73, 1.87 | -0.00, -0.00, -0.04 | -0.01, 0.01, 0.01
1.32, 2.72, 1.45 | 1.30, 2.74, 1.86 | 0.03, -0.03, -0.01 | 0.01, -0.02, 0.01
1.28, 2.69, 1.58 | 1.30, 2.73, 1.86 | -0.01, 0.01, 0.02 | 0.00, -0.00, 0.01
1.28, 2.68, 1.57 | 1.30, 2.73, 1.86 | -0.01, 0.03, 0.01 | -0.00, 0.02, 0.01
1.29, 2.66, 1.53 | 1.29, 2.72, 1.85 | -0.02, 0.00, -0.01 | -0.00, 0.01, 0.00
1.30, 2.66, 1.49 | 1.30, 2.72, 1.85 | 0.02, -0.03, 0.00 | -0.00, -0.01, 0.00
1.30, 2.64, 1.51 | 1.30, 2.71, 1.84 | 0.04, 0.03, -0.10 | 0.02, 0.03, 0.00
1.31, 2.63, 1.48 | 1.30, 2.70, 1.83 | -0.02, 0.01, -0.02 | 0.01, 0.01, 0.00
1.26, 2.63, 1.60 | 1.29, 2.69, 1.83 | -0.05, -0.03, 0.06 | -0.01, -0.02, 0.00
1.23, 2.61, 1.69 | 1.29, 2.68, 1.84 | 0.04, -0.04, 0.00 | 0.01, -0.04, 0.00
1.25, 2.62, 1.65 | 1.28, 2.67, 1.84 | -0.01, -0.01, -0.05 | 0.00, -0.02, 0.00
1.28, 2.62, 1.59 | 1.28, 2.66, 1.83 | 0.04, 0.05, 0.04 | 0.02, 0.04, 0.00
1.29, 2.61, 1.54 | 1.28, 2.65, 1.83 | -0.02, 0.01, -0.03 | 0.01, 0.02, 0.00
1.25, 2.60, 1.64 | 1.28, 2.64, 1.83 | 0.02, -0.02, -0.02 | 0.01, -0.01, 0.00
1.25, 2.61, 1.67 | 1.28, 2.64, 1.83 | 0.03, -0.01, 0.02 | 0.02, -0.01, 0.00
1.27, 2.61, 1.63 | 1.28, 2.63, 1.83 | -0.07, 0.01, -0.04 | -0.01, 0.01, 0.00
1.23, 2.63, 1.72 | 1.27, 2.63, 1.83 | 0.01, 0.05, -0.02 | -0.01, 0.04, 0.00
1.24, 2.62, 1.69 | 1.27, 2.62, 1.84 | -0.03, 0.00, -0.02 | -0.01, 0.01, 0.00
1.25, 2.62, 1.66 | 1.26, 2.62, 1.84 | 0.03, -0.03, -0.06 | 0.00, -0.02, 0.00
1.27, 2.64, 1.61 | 1.26, 2.62, 1.84 | -0.01, 0.01, -0.10 | -0.00, 0.01, 0.00
1.23, 2.65, 1.71 | 1.26, 2.63, 1.84 | -0.01, 0.00, -0.18 | -0.01, 0.00, 0.00
1.23, 2.66, 1.69 | 1.25, 2.64, 1.84 | -0.02, -0.01, -0.78 | -0.02, -0.01, 0.00
1.25, 2.65, 1.65 | 1.25, 2.65, 1.84 | 0.05, 0.00, -1.16 | 0.04, 0.00, 0.00
1.25, 2.68, 1.68 | 1.25, 2.67, 1.84 | 0.04, 0.31, -0.78 | 0.04, 0.31, 0.00
1.22, 2.65, 1.74 | 1.23, 2.66, 1.84 | 0.04, 0.57, -0.39 | 0.04, 0.57, 0.00
1.21, 2.66, 1.68 | 1.23, 2.66, 1.84 | 0.23, 0.44, -0.08 | 0.22, 0.44, 0.00
1.24, 2.69, 1.65 | 1.23, 2.69, 1.84 | 0.43, 0.86, -0.24 | 0.43, 0.86, 0.00
1.22, 2.70, 1.63 | 1.23, 2.70, 1.84 | 0.20, 0.53, 0.35 | 0.21, 0.53, 0.00
1.19, 2.69, 1.63 | 1.21, 2.70, 1.84 | 0.21, 1.02, 0.37 | 0.21, 1.02, 0.00
1.24, 2.71, 1.48 | 1.23, 2.72, 1.83 | -0.05, 0.12, 0.79 | -0.04, 0.12, 0.00
1.29, 2.78, 1.46 | 1.27, 2.77, 1.83 | -0.07, -0.40, 0.94 | -0.07, -0.40, 0.00
1.30, 2.80, 1.43 | 1.29, 2.80, 1.82 | 0.06, 0.04, 0.66 | 0.06, 0.04, 0.00
1.29, 2.81, 1.40 | 1.30, 2.82, 1.81 | 0.07, 0.24, 0.19 | 0.06, 0.24, 0.00
1.30, 2.84, 1.37 | 1.31, 2.85, 1.80 | 0.10, 0.25, 0.08 | 0.10, 0.25, 0.00
1.34, 2.90, 1.35 | 1.33, 2.89, 1.79 | 0.05, 0.11, 0.14 | 0.06, 0.11, 0.00
1.34, 2.92, 1.30 | 1.34, 2.92, 1.78 | 0.05, -0.01, 0.11 | 0.06, -0.00, 0.00
1.34, 2.91, 1.24 | 1.35, 2.94, 1.77 | 0.11, 0.10, 0.07 | 0.09, 0.09, 0.00
1.31, 2.88, 1.25 | 1.35, 2.93, 1.76 | 0.07, 0.14, 0.14 | 0.08, 0.14, 0.00
1.36, 2.93, 1.22 | 1.36, 2.95, 1.74 | 0.02, 0.07, 0.12 | 0.04, 0.07, 0.00
1.37, 2.96, 1.17 | 1.37, 2.97, 1.73 | 0.01, 0.04, 0.10 | 0.02, 0.05, 0.00
1.37, 2.96, 1.15 | 1.38, 2.98, 1.72 | 0.00, 0.06, 0.13 | 0.01, 0.06, 0.00
1.37, 2.98, 1.11 | 1.39, 3.00, 1.70 | 0.08, 0.01, 0.17 | 0.06, 0.01, 0.00
1.40, 3.03, 1.11 | 1.40, 3.02, 1.68 | 0.02, 0.06, 0.16 | 0.03, 0.06, 0.00
1.38, 3.00, 1.11 | 1.40, 3.03, 1.67 | -0.01, 0.01, 0.16 | 0.01, 0.01, 0.00
1.38, 2.98, 1.17 | 1.41, 3.03, 1.66 | 0.05, 0.00, 0.14 | 0.03, 0.00, -0.00
1.40, 3.02, 1.12 | 1.41, 3.04, 1.64 | 0.03, 0.07, 0.05 | 0.03, 0.06, -0.00
1.37, 2.98, 1.22 | 1.41, 3.04, 1.63 | 0.03, 0.04, 0.11 | 0.03, 0.04, -0.00
1.36, 2.93, 1.29 | 1.41, 3.02, 1.62 | 0.03, 0.03, 0.15 | 0.03, 0.03, -0.00
1.33, 2.88, 1.31 | 1.40, 2.99, 1.62 | -0.02, 0.00, 0.08 | 0.01, 0.01, -0.00
1.34, 2.92, 1.22 | 1.39, 2.98, 1.61 | 0.01, -0.04, 0.13 | 0.01, -0.04, -0.00
1.33, 2.89, 1.28 | 1.38, 2.96, 1.60 | -0.00, 0.02, 0.18 | 0.00, 0.02, -0.00
1.31, 2.83, 1.32 | 1.37, 2.93, 1.59 | -0.01, 0.03, 0.14 | -0.01, 0.03, -0.00
1.35, 2.88, 1.31 | 1.37, 2.92, 1.58 | 0.02, 0.04, 0.15 | 0.01, 0.04, -0.00
1.34, 2.89, 1.30 | 1.37, 2.91, 1.58 | -0.01, 0.03, 0.17 | -0.00, 0.03, -0.00
1.33, 2.88, 1.27 | 1.36, 2.90, 1.57 | 0.01, 0.03, 0.11 | 0.00, 0.03, -0.00
1.30, 2.84, 1.31 | 1.35, 2.89, 1.56 | 0.06, 0.05, 0.13 | 0.04, 0.05, -0.00
1.29, 2.85, 1.23 | 1.34, 2.88, 1.55 | -0.01, 0.00, 0.15 | 0.01, 0.00, -0.00
1.28, 2.84, 1.18 | 1.33, 2.87, 1.54 | 0.01, -0.01, 0.11 | 0.01, -0.01, -0.00
1.27, 2.79, 1.21 | 1.32, 2.85, 1.53 | 0.09, 0.04, 0.12 | 0.06, 0.04, -0.00
1.28, 2.80, 1.16 | 1.31, 2.83, 1.52 | -0.01, 0.01, 0.13 | 0.02, 0.01, -0.00
1.30, 2.81, 1.15 | 1.31, 2.82, 1.51 | 0.01, -0.08, 0.13 | 0.02, -0.07, -0.00
1.30, 2.85, 1.16 | 1.31, 2.83, 1.50 | -0.02, -0.03, 0.11 | -0.00, -0.04, -0.00
1.32, 2.87, 1.06 | 1.31, 2.83, 1.49 | -0.03, -0.02, 0.09 | -0.02, -0.02, -0.00
1.39, 2.98, 1.10 | 1.32, 2.86, 1.47 | 0.04, -0.04, 0.08 | 0.01, -0.04, -0.00
1.38, 2.96, 1.13 | 1.33, 2.89, 1.46 | 0.04, -0.02, 0.12 | 0.03, -0.02, -0.00
1.37, 2.97, 1.05 | 1.34, 2.91, 1.45 | -0.04, -0.03, 0.12 | -0.01, -0.02, -0.00
1.35, 2.93, 1.07 | 1.34, 2.91, 1.44 | -0.01, -0.06, 0.09 | -0.01, -0.06, -0.00
1.32, 2.87, 1.13 | 1.34, 2.90, 1.43 | 0.11, -0.04, 0.10 | 0.06, -0.04, -0.00
1.35, 2.91, 1.21 | 1.34, 2.91, 1.42 | -0.01, -0.07, 0.12 | 0.02, -0.07, -0.00
1.36, 2.93, 1.26 | 1.35, 2.91, 1.41 | -0.02, -0.02, 0.12 | -0.00, -0.02, -0.00
1.32, 2.86, 1.33 | 1.35, 2.90, 1.41 | -0.01, -0.04, 0.13 | -0.00, -0.04, -0.00
1.27, 2.81, 1.39 | 1.33, 2.88, 1.41 | 0.02, 0.03, 0.06 | 0.01, 0.03, -0.00
1.24, 2.75, 1.40 | 1.32, 2.85, 1.41 | -0.02, 0.01, 0.12 | -0.01, 0.01, -0.00
1.25, 2.75, 1.43 | 1.31, 2.82, 1.41 | 0.04, 0.03, 0.12 | 0.02, 0.03, -0.00
1.27, 2.76, 1.47 | 1.30, 2.80, 1.41 | 0.02, 0.05, 0.09 | 0.02, 0.05, -0.00
1.28, 2.75, 1.49 | 1.29, 2.79, 1.41 | 0.02, -0.00, 0.13 | 0.02, 0.00, -0.00
1.25, 2.73, 1.43 | 1.29, 2.77, 1.41 | 0.01, -0.01, 0.19 | 0.01, -0.01, -0.00
1.24, 2.73, 1.47 | 1.27, 2.75, 1.41 | -0.04, 0.04, 0.61 | -0.04, 0.04, -0.00
1.24, 2.72, 1.49 | 1.26, 2.72, 1.41 | 0.09, -0.07, 0.91 | 0.08, -0.07, -0.00
1.26, 2.73, 1.53 | 1.25, 2.73, 1.41 | -0.03, -0.39, 1.20 | -0.03, -0.39, -0.00
1.27, 2.77, 1.41 | 1.26, 2.75, 1.41 | 0.06, 0.28, 0.46 | 0.06, 0.28, -0.00
1.29, 2.78, 1.44 | 1.27, 2.76, 1.41 | 0.02, 0.23, 0.25 | 0.02, 0.23, -0.00
1.26, 2.75, 1.44 | 1.27, 2.75, 1.41 | 0.04, 0.47, -0.52 | 0.04, 0.47, -0.00
1.26, 2.73, 1.48 | 1.26, 2.74, 1.41 | 0.06, 0.11, -0.53 | 0.06, 0.11, -0.00
1.28, 2.72, 1.46 | 1.27, 2.73, 1.41 | -0.14, -0.14, -0.60 | -0.13, -0.14, -0.00
1.28, 2.69, 1.45 | 1.27, 2.70, 1.41 | -0.23, -0.48, -0.27 | -0.23, -0.48, -0.00
1.30, 2.67, 1.42 | 1.29, 2.68, 1.41 | -0.13, -0.60, -0.31 | -0.13, -0.60, -0.00
1.30, 2.66, 1.49 | 1.29, 2.66, 1.41 | -0.01, -0.49, -0.33 | -0.02, -0.49, -0.00
1.32, 2.63, 1.46 | 1.30, 2.64, 1.41 | -0.06, -0.41, -0.32 | -0.06, -0.41, -0.00
1.30, 2.61, 1.55 | 1.30, 2.61, 1.41 | -0.13, -0.30, -0.10 | -0.12, -0.30, -0.00
1.29, 2.61, 1.62 | 1.30, 2.59, 1.41 | -0.18, -0.29, 0.02 | -0.17, -0.29, -0.00
1.32, 2.61, 1.57 | 1.30, 2.58, 1.42 | -0.07, -0.21, -0.05 | -0.10, -0.22, -0.00
1.32, 2.61, 1.55 | 1.31, 2.58, 1.42 | -0.01, -0.17, -0.14 | -0.03, -0.17, -0.00
1.30, 2.63, 1.66 | 1.30, 2.58, 1.42 | -0.05, -0.14, -0.12 | -0.05, -0.14, -0.00
1.29, 2.63, 1.71 | 1.30, 2.59, 1.43 | -0.02, -0.13, -0.06 | -0.03, -0.13, -0.00
1.32, 2.61, 1.64 | 1.30, 2.59, 1.44 | -0.06, -0.17, 0.03 | -0.05, -0.17, -0.00
1.29, 2.63, 1.74 | 1.30, 2.59, 1.44 | 0.01, -0.10, 0.10 | -0.01, -0.10, -0.00
1.27, 2.63, 1.80 | 1.29, 2.59, 1.45 | 0.02, -0.09, -0.03 | 0.00, -0.09, -0.00
1.28, 2.67, 1.81 | 1.28, 2.61, 1.46 | -0.02, -0.10, -0.06 | -0.01, -0.10, -0.00
1.30, 2.65, 1.72 | 1.28, 2.62, 1.47 | -0.07, -0.14, 0.02 | -0.05, -0.14, -0.00
1.28, 2.65, 1.77 | 1.28, 2.62, 1.47 | -0.12, -0.16, -0.08 | -0.10, -0.16, -0.00
1.30, 2.64, 1.69 | 1.28, 2.62, 1.48 | -0.25, -0.15, -0.01 | -0.23, -0.15, -0.00
1.27, 2.64, 1.76 | 1.27, 2.62, 1.49 | -0.30, -0.05, -0.06 | -0.29, -0.05, -0.00
1.30, 2.63, 1.67 | 1.27, 2.62, 1.49 | -0.12, 0.00, -0.41 | -0.14, 0.00, -0.00
1.30, 2.63, 1.68 | 1.27, 2.62, 1.50 | 0.14, 0.09, -0.42 | 0.12, 0.09, -0.00
1.28, 2.61, 1.65 | 1.27, 2.61, 1.50 | -0.02, -0.03, -0.27 | 0.00, -0.03, -0.00
1.23, 2.62, 1.73 | 1.25, 2.61, 1.51 | 0.21, -0.29, -0.35 | 0.20, -0.29, -0.00
1.25, 2.60, 1.64 | 1.24, 2.60, 1.51 | 0.60, -0.13, -0.34 | 0.58, -0.13, -0.00
1.25, 2.59, 1.56 | 1.24, 2.59, 1.51 | 0.30, -0.28, -0.37 | 0.32, -0.28, -0.00
1.24, 2.57, 1.52 | 1.24, 2.57, 1.51 | 0.23, -0.72, 0.17 | 0.23, -0.72, -0.00
1.23, 2.55, 1.60 | 1.24, 2.55, 1.51 | 0.37, -0.36, 0.18 | 0.36, -0.36, -0.00
1.22, 2.56, 1.58 | 1.23, 2.54, 1.51 | 0.44, -0.38, 0.25 | 0.43, -0.38, -0.00
1.23, 2.56, 1.59 | 1.24, 2.54, 1.51 | 0.23, -0.37, 0.45 | 0.24, -0.37, -0.00
1.24, 2.52, 1.56 | 1.24, 2.52, 1.52 | 0.49, 0.33, 0.71 | 0.48, 0.33, -0.00
1.23, 2.49, 1.57 | 1.24, 2.49, 1.52 | 0.08, 0.99, 0.07 | 0.08, 0.98, -0.00
1.22, 2.43, 1.50 | 1.23, 2.44, 1.52 | -0.75, 1.36, -1.00 | -0.74, 1.36, -0.00
1.19, 2.34, 1.56 | 1.21, 2.38, 1.52 | -0.35, 0.30, 0.24 | -0.37, 0.31, -0.00
1.20, 2.30, 1.58 | 1.21, 2.33, 1.52 | -0.23, 0.15, -0.26 | -0.24, 0.15, -0.00
1.19, 2.26, 1.54 | 1.20, 2.28, 1.52 | -0.75, -0.36, -0.26 | -0.73, -0.36, -0.00
1.20, 2.26, 1.55 | 1.20, 2.26, 1.52 | -0.32, -0.37, 0.09 | -0.35, -0.37, -0.00
1.20, 2.26, 1.57 | 1.19, 2.25, 1.52 | -0.25, -0.54, 0.62 | -0.25, -0.54, -0.00
1.17, 2.20, 1.61 | 1.18, 2.21, 1.52 | 0.53, -0.57, 1.57 | 0.52, -0.57, -0.00
1.15, 2.18, 1.60 | 1.15, 2.18, 1.52 | 1.71, 0.94, -1.11 | 1.71, 0.94, -0.00
1.15, 2.17, 1.65 | 1.15, 2.16, 1.53 | 0.91, 0.27, -0.06 | 0.93, 0.27, -0.00
1.15, 2.16, 1.69 | 1.16, 2.15, 1.53 | 0.29, -0.44, -0.17 | 0.32, -0.44, -0.00
1.12, 2.12, 1.66 | 1.15, 2.12, 1.53 | 0.32, 0.00, -0.58 | 0.32, 0.00, -0.00
1.16, 2.10, 1.70 | 1.16, 2.10, 1.54 | -0.15, -0.87, 0.03 | -0.14, -0.87, -0.00
1.13, 2.04, 1.68 | 1.15, 2.04, 1.54 | -0.04, -1.32, 0.30 | -0.04, -1.32, -0.00
1.16, 2.03, 1.73 | 1.16, 2.02, 1.55 | -0.25, -0.87, 1.14 | -0.25, -0.87, -0.00
1.14, 1.94, 1.67 | 1.14, 1.94, 1.55 | -0.44, 0.36, 1.73 | -0.44, 0.36, -0.00
1.11, 1.88, 1.64 | 1.12, 1.88, 1.55 | -1.19, 1.05, -0.78 | -1.18, 1.05, -0.00
1.14, 1.83, 1.69 | 1.13, 1.83, 1.56 | -1.25, 1.28, -0.46 | -1.25, 1.28, -0.00
1.16, 1.80, 1.70 | 1.14, 1.80, 1.56 | -0.37, -0.01, 0.35 | -0.43, -0.01, -0.00
1.15, 1.74, 1.69 | 1.14, 1.75, 1.56 | -0.42, -0.56, -0.26 | -0.42, -0.56, -0.00
1.17, 1.68, 1.62 | 1.15, 1.69, 1.57 | -0.17, -0.40, 0.23 | -0.18, -0.41, -0.00
1.19, 1.65, 1.60 | 1.16, 1.65, 1.57 | -0.07, -0.48, 0.54 | -0.07, -0.48, -0.00
1.21, 1.62, 1.72 | 1.19, 1.61, 1.57 | -0.33, -0.51, 1.30 | -0.33, -0.51, -0.00
1.18, 1.55, 1.72 | 1.18, 1.55, 1.57 | 0.55, -0.16, 0.41 | 0.51, -0.16, -0.00
1.20, 1.53, 1.79 | 1.19, 1.52, 1.58 | 1.45, 1.05, -0.99 | 1.45, 1.05, -0.00
1.23, 1.51, 1.88 | 1.22, 1.50, 1.59 | 1.25, 0.60, -0.25 | 1.25, 0.60, -0.00
1.19, 1.44, 1.84 | 1.21, 1.45, 1.59 | 0.19, -0.18, -0.15 | 0.35, -0.17, -0.00
1.21, 1.42, 1.93 | 1.22, 1.41, 1.60 | 0.25, -0.56, 0.06 | 0.26, -0.56, -0.00
1.19, 1.35, 1.91 | 1.21, 1.36, 1.61 | -0.01, -0.41, -0.29 | 0.01, -0.41, -0.00
1.22, 1.30, 1.96 | 1.23, 1.30, 1.62 | 0.07, -0.63, 0.39 | 0.07, -0.63, -0.00
1.24, 1.25, 1.99 | 1.24, 1.25, 1.63 | -0.32, -0.21, 0.93 | -0.31, -0.21, -0.00
1.21, 1.19, 1.92 | 1.24, 1.19, 1.64 | -0.49, 0.11, 0.35 | -0.48, 0.11, -0.00
1.23, 1.15, 1.96 | 1.24, 1.15, 1.65 | -0.47, 0.74, -1.01 | -0.47, 0.74, -0.00
1.21, 1.11, 1.91 | 1.22, 1.10, 1.66 | -1.01, 0.39, -0.25 | -1.00, 0.39, -0.00
1.26, 1.07, 1.97 | 1.24, 1.06, 1.67 | -0.89, 0.46, 0.10 | -0.90, 0.46, -0.00
1.27, 1.03, 1.96 | 1.25, 1.03, 1.67 | -0.61, 0.31, -0.19 | -0.62, 0.31, -0.00
1.24, 0.99, 1.89 | 1.24, 0.99, 1.68 | -0.40, -0.41, 0.70 | -0.40, -0.40, -0.00
1.25, 0.97, 1.88 | 1.23, 0.97, 1.69 | 0.03, -0.56, 1.17 | 0.02, -0.56, -0.00
1.20, 0.95, 1.81 | 1.20, 0.94, 1.69 | -0.45, -0.67, 0.85 | -0.44, -0.67, -0.00
1.21, 0.91, 1.78 | 1.19, 0.91, 1.70 | -0.12, 0.09, 1.18 | -0.13, 0.08, -0.00
1.18, 0.90, 1.76 | 1.18, 0.88, 1.70 | -0.47, -0.06, -0.75 | -0.46, -0.06, -0.00
1.19, 0.88, 1.83 | 1.18, 0.87, 1.70 | -0.26, -0.55, -1.17 | -0.26, -0.54, -0.00
1.20, 0.89, 1.89 | 1.18, 0.87, 1.71 | -0.54, -0.76, -0.57 | -0.54, -0.76, -0.00
1.15, 0.91, 1.84 | 1.15, 0.88, 1.71 | 0.27, -0.43, -0.21 | 0.22, -0.43, -0.00
1.14, 0.90, 1.89 | 1.13, 0.89, 1.72 | 0.66, -0.87, -0.13 | 0.65, -0.87, 0.00
1.15, 0.92, 1.95 | 1.13, 0.90, 1.73 | 0.51, -0.79, -0.30 | 0.51, -0.79, 0.00
1.16, 0.94, 2.01 | 1.14, 0.91, 1.74 | 0.32, -0.79, -0.06 | 0.32, -0.79, 0.00
1.12, 0.94, 1.98 | 1.13, 0.92, 1.74 | 0.32, -0.75, -0.00 | 0.32, -0.75, 0.00
1.14, 0.97, 2.05 | 1.13, 0.93, 1.75 | -0.12, -0.61, 0.08 | -0.10, -0.61, 0.00
1.15, 0.98, 2.08 | 1.14, 0.95, 1.76 | -0.31, -0.56, -0.28 | -0.30, -0.56, 0.00
1.15, 1.00, 2.11 | 1.14, 0.96, 1.77 | -0.20, -0.30, 0.04 | -0.21, -0.30, 0.00
1.12, 0.97, 2.05 | 1.13, 0.95, 1.78 | -0.17, -0.29, 0.15 | -0.17, -0.29, 0.00
1.14, 1.00, 2.09 | 1.13, 0.96, 1.79 | -0.13, -0.35, -0.12 | -0.14, -0.35, 0.00
1.11, 0.97, 2.02 | 1.11, 0.96, 1.80 | -0.03, -0.36, -0.34 | -0.04, -0.36, 0.00
1.12, 0.99, 2.06 | 1.11, 0.96, 1.81 | -0.12, 0.23, 0.10 | -0.11, 0.23, 0.00
1.13, 1.01, 2.09 | 1.11, 0.97, 1.82 | -0.21, 0.25, 0.03 | -0.19, 0.25, 0.00
1.10, 0.99, 2.05 | 1.10, 0.97, 1.83 | -0.02, 0.14, 0.08 | -0.08, 0.14, 0.00
1.08, 0.98, 2.02 | 1.09, 0.97, 1.84 | -0.15, 0.19, -0.15 | -0.14, 0.19, 0.00
1.08, 0.98, 2.01 | 1.08, 0.97, 1.84 | -0.03, 0.22, 0.09 | -0.06, 0.22, 0.00
1.07, 0.97, 1.97 | 1.06, 0.97, 1.85 | -0.07, 0.03, -0.14 | -0.07, 0.03, 0.00
1.06, 0.96, 1.96 | 1.05, 0.97, 1.85 | 0.01, -0.03, -0.07 | -0.03, -0.02, 0.00
1.04, 0.95, 1.94 | 1.04, 0.96, 1.86 | 0.18, -0.12, -0.10 | 0.13, -0.12, 0.00
1.03, 0.95, 1.94 | 1.03, 0.95, 1.86 | 0.58, -0.51, -0.36 | 0.57, -0.51, 0.00
1.03, 0.94, 1.93 | 1.02, 0.94, 1.87 | 0.83, -0.71, -0.43 | 0.82, -0.71, 0.00
1.00, 0.95, 1.89 | 1.01, 0.94, 1.87 | 1.03, -0.22, -0.18 | 1.03, -0.22, 0.00
1.06, 0.94, 1.97 | 1.04, 0.94, 1.88 | 1.00, 0.41, -1.17 | 1.01, 0.41, 0.00
1.05, 0.91, 1.91 | 1.05, 0.92, 1.88 | 0.19, 1.12, 0.77 | 0.20, 1.12, 0.00
1.07, 0.88, 1.98 | 1.07, 0.89, 1.89 | -0.36, 1.14, -0.02 | -0.36, 1.14, 0.00
1.10, 0.84, 1.96 | 1.10, 0.85, 1.89 | -0.82, 0.57, 0.54 | -0.82, 0.57, 0.00
1.15, 0.84, 1.94 | 1.13, 0.84, 1.90 | -0.67, 0.09, 0.82 | -0.67, 0.09, 0.00
1.21, 0.85, 2.02 | 1.17, 0.85, 1.90 | 0.16, 0.24, -0.02 | 0.02, 0.24, 0.00
1.23, 0.85, 2.00 | 1.21, 0.85, 1.91 | 0.49, 0.28, -0.04 | 0.46, 0.28, 0.00
1.25, 0.88, 1.99 | 1.24, 0.87, 1.91 | 0.56, 0.25, 0.19 | 0.56, 0.25, 0.00
1.25, 0.88, 1.95 | 1.26, 0.88, 1.92 | 0.13, 0.06, 0.18 | 0.23, 0.06, 0.00
1.29, 0.92, 1.97 | 1.29, 0.91, 1.92 | -0.26, -0.19, 0.62 | -0.24, -0.19, 0.00
1.35, 0.95, 2.02 | 1.33, 0.94, 1.93 | -0.43, -0.37, 0.06 | -0.42, -0.37, 0.00
1.33, 0.97, 1.92 | 1.35, 0.97, 1.93 | -0.46, -0.34, 0.18 | -0.46, -0.34, 0.00
1.36, 1.00, 1.95 | 1.37, 0.99, 1.93 | -0.23, 0.04, 0.22 | -0.26, 0.04, 0.00
1.38, 1.00, 1.96 | 1.38, 1.00, 1.94 | -0.39, -0.05, -0.28 | -0.38, -0.04, 0.00
1.40, 0.97, 1.96 | 1.40, 0.99, 1.94 | -0.28, -0.43, 0.08 | -0.28, -0.43, 0.00
1.40, 0.99, 1.94 | 1.41, 0.99, 1.94 | -0.08, 0.25, 0.35 | -0.10, 0.24, 0.00
1.41, 1.00, 1.98 | 1.41, 1.00, 1.95 | 0.02, 0.10, -0.72 | 0.02, 0.10, 0.00
1.38, 0.99, 1.92 | 1.41, 1.00, 1.95 | 0.04, 0.29, -0.02 | 0.04, 0.29, 0.00
1.40, 1.01, 1.95 | 1.41, 1.01, 1.95 | 0.68, 0.42, 0.76 | 0.67, 0.42, 0.00
1.36, 0.97, 1.88 | 1.39, 0.99, 1.96 | 0.43, 0.53, -0.27 | 0.44, 0.53, 0.00
1.36, 0.99, 1.87 | 1.39, 0.99, 1.96 | 0.42, 0.50, 0.01 | 0.43, 0.50, 0.00
1.35, 1.02, 1.91 | 1.38, 1.02, 1.96 | 0.75, 0.57, -0.00 | 0.74, 0.57, 0.00
1.34, 1.03, 1.97 | 1.37, 1.04, 1.96 | 0.23, 0.58, -0.22 | 0.25, 0.58, 0.00
1.27, 1.03, 1.91 | 1.34, 1.05, 1.97 | 0.34, 0.00, 0.15 | 0.33, 0.01, 0.00
1.26, 1.04, 1.96 | 1.31, 1.05, 1.97 | 0.71, -0.08, 0.52 | 0.70, -0.08, 0.00
1.26, 1.06, 2.00 | 1.30, 1.06, 1.97 | 0.53, -0.19, -0.38 | 0.54, -0.19, 0.00
1.26, 1.07, 2.04 | 1.29, 1.08, 1.98 | 0.29, 0.02, -0.10 | 0.33, 0.02, 0.00
1.26, 1.07, 2.07 | 1.30, 1.08, 1.98 | 0.23, 0.03, 0.08 | 0.25, 0.03, 0.00
1.23, 1.05, 2.01 | 1.29, 1.07, 1.99 | 0.15, 0.07, 0.13 | 0.17, 0.07, 0.00
1.23, 1.05, 1.99 | 1.28, 1.07, 1.99 | -0.02, 0.03, -0.12 | 0.05, 0.04, 0.00
1.22, 1.05, 1.97 | 1.27, 1.07, 1.99 | -0.02, 0.04, -0.12 | 0.01, 0.04, 0.00
1.23, 1.07, 1.99 | 1.26, 1.07, 2.00 | -0.07, 0.03, -0.30 | -0.06, 0.03, 0.00
1.23, 1.08, 1.99 | 1.25, 1.08, 2.00 | -0.21, -0.01, -0.86 | -0.21, -0.01, 0.00
1.22, 1.07, 1.97 | 1.23, 1.07, 2.00 | -0.71, 0.00, -0.81 | -0.70, 0.00, 0.00
1.24, 1.08, 2.02 | 1.24, 1.08, 2.01 | -0.30, -0.15, -0.55 | -0.31, -0.15, 0.00
1.22, 1.06, 1.99 | 1.23, 1.07, 2.01 | 0.43, -0.09, 0.00 | 0.36, -0.09, 0.00
1.21, 1.07, 1.95 | 1.22, 1.07, 2.01 | 0.46, 0.12, 0.70 | 0.46, 0.12, 0.00
1.18, 1.08, 1.91 | 1.20, 1.08, 2.01 | 0.18, 0.30, 1.07 | 0.19, 0.30, 0.00
1.18, 1.09, 1.87 | 1.19, 1.09, 2.01 | -0.08, 0.17, 0.88 | -0.07, 0.17, 0.00
1.19, 1.07, 1.81 | 1.19, 1.08, 2.01 | -0.06, -0.12, 0.31 | -0.06, -0.12, 0.00
1.20, 1.09, 1.85 | 1.19, 1.09, 2.01 | -0.10, -0.08, 0.16 | -0.09, -0.08, 0.00
1.16, 1.12, 1.87 | 1.18, 1.11, 2.01 | -0.16, -0.16, 0.01 | -0.15, -0.16, 0.00
1.17, 1.13, 1.86 | 1.17, 1.12, 2.01 | -0.25, -0.05, 0.18 | -0.24, -0.06, 0.00
1.13, 1.16, 1.86 | 1.15, 1.14, 2.01 | -0.10, -0.10, 0.08 | -0.14, -0.10, 0.00
1.18, 1.16, 1.87 | 1.15, 1.15, 2.01 | -0.05, -0.12, 0.03 | -0.08, -0.12, 0.00
1.18, 1.17, 1.84 | 1.16, 1.17, 2.01 | -0.05, -0.11, 0.04 | -0.07, -0.11, 0.00
1.18, 1.16, 1.84 | 1.16, 1.17, 2.01 | -0.02, -0.06, 0.13 | -0.04, -0.06, 0.00
1.19, 1.16, 1.89 | 1.16, 1.17, 2.01 | 0.02, 0.04, 0.07 | -0.01, 0.03, 0.00
1.23, 1.17, 1.91 | 1.18, 1.17, 2.01 | 0.09, 0.04, 0.12 | 0.05, 0.04, 0.00
1.18, 1.18, 1.90 | 1.18, 1.18, 2.01 | 0.15, -0.01, 0.07 | 0.12, -0.01, 0.00
1.14, 1.17, 1.84 | 1.16, 1.17, 2.01 | 0.79, -0.13, 0.13 | 0.77, -0.13, 0.00
1.12, 1.16, 1.80 | 1.14, 1.16, 2.00 | 0.93, -0.65, -0.16 | 0.93, -0.65, 0.00
1.15, 1.18, 1.79 | 1.15, 1.17, 2.00 | 0.15, -1.12, -0.49 | 0.16, -1.12, 0.00
1.25, 1.17, 1.84 | 1.22, 1.17, 2.00 | -1.15, -0.77, -0.20 | -1.13, -0.77, 0.00
1.29, 1.09, 1.76 | 1.27, 1.10, 2.00 | -1.35, 0.32, 0.29 | -1.35, 0.32, 0.00
1.28, 1.06, 1.71 | 1.28, 1.07, 1.99 | -0.82, 1.21, 0.47 | -0.82, 1.21, 0.00
1.30, 1.05, 1.67 | 1.29, 1.05, 1.99 | -0.37, 0.92, 0.45 | -0.38, 0.92, 0.00
1.32, 0.99, 1.52 | 1.30, 1.01, 1.98 | -0.22, 0.47, 0.22 | -0.23, 0.47, -0.00
1.32, 0.98, 1.54 | 1.30, 0.99, 1.97 | -0.04, 0.06, 0.21 | -0.09, 0.07, -0.00
1.33, 0.96, 1.57 | 1.30, 0.97, 1.96 | -0.07, 0.20, -0.00 | -0.07, 0.19, -0.00
1.33, 0.94, 1.55 | 1.31, 0.95, 1.95 | 0.18, 0.14, 0.22 | 0.15, 0.14, -0.00
1.33, 0.92, 1.51 | 1.32, 0.93, 1.94 | 0.04, 0.20, 0.03 | 0.07, 0.20, -0.00
1.33, 0.91, 1.51 | 1.32, 0.91, 1.93 | 0.19, 0.08, 0.14 | 0.16, 0.09, -0.00
1.33, 0.90, 1.51 | 1.32, 0.90, 1.92 | 0.02, 0.13, -0.01 | 0.07, 0.13, -0.00
1.36, 0.87, 1.53 | 1.34, 0.88, 1.92 | 0.08, 0.09, 0.16 | 0.08, 0.09, -0.00
1.37, 0.86, 1.53 | 1.35, 0.87, 1.91 | 0.03, -0.08, 0.05 | 0.05, -0.06, -0.00
1.36, 0.85, 1.52 | 1.36, 0.85, 1.90 | 0.07, -0.03, 0.04 | 0.06, -0.03, -0.00
1.37, 0.84, 1.55 | 1.37, 0.84, 1.89 | 0.00, -0.03, 0.14 | 0.03, -0.03, -0.00
1.41, 0.88, 1.66 | 1.38, 0.84, 1.89 | -0.01, 0.03, 0.13 | 0.01, 0.02, -0.00
1.45, 0.91, 1.73 | 1.41, 0.86, 1.88 | -0.08, -0.03, -0.04 | -0.04, -0.02, -0.00
1.44, 0.88, 1.72 | 1.42, 0.86, 1.88 | -0.04, 0.01, 0.07 | -0.04, 0.01, -0.00
1.41, 0.88, 1.67 | 1.43, 0.86, 1.87 | -0.04, 0.13, 0.12 | -0.04, 0.12, -0.00
1.47, 0.90, 1.75 | 1.44, 0.87, 1.87 | -0.12, 0.03, 0.15 | -0.10, 0.04, -0.00
1.45, 0.88, 1.72 | 1.45, 0.87, 1.87 | -0.17, 0.01, 0.07 | -0.15, 0.01, -0.00
1.46, 0.88, 1.72 | 1.46, 0.87, 1.87 | 0.00, -0.00, 0.23 | -0.03, -0.00, -0.00
1.44, 0.85, 1.67 | 1.46, 0.86, 1.86 | -0.02, -0.05, 0.19 | -0.02, -0.05, -0.00
1.42, 0.83, 1.64 | 1.46, 0.85, 1.86 | 0.00, -0.11, 0.08 | -0.01, -0.10, -0.00
1.41, 0.83, 1.61 | 1.45, 0.84, 1.85 | 0.00, -0.09, 0.07 | -0.00, -0.09, -0.00
1.40, 0.81, 1.60 | 1.44, 0.83, 1.84 | 0.07, -0.02, 0.13 | 0.04, -0.02, -0.00
1.38, 0.81, 1.58 | 1.44, 0.82, 1.84 | 0.00, -0.04, 0.07 | 0.02, -0.04, -0.00
1.38, 0.83, 1.56 | 1.43, 0.82, 1.83 | 0.04, 0.02, 0.06 | 0.03, 0.01, -0.00
1.37, 0.83, 1.54 | 1.42, 0.81, 1.82 | 0.09, 0.08, 0.12 | 0.07, 0.08, -0.00
1.37, 0.82, 1.54 | 1.41, 0.81, 1.81 | 0.13, 0.18, 0.16 | 0.12, 0.17, -0.00
1.37, 0.83, 1.54 | 1.40, 0.81, 1.81 | 0.16, 0.28, 0.14 | 0.16, 0.28, -0.00
1.38, 0.85, 1.56 | 1.40, 0.83, 1.80 | 0.20, 0.38, 0.24 | 0.19, 0.38, -0.00
1.37, 0.85, 1.58 | 1.39, 0.84, 1.79 | 0.41, 0.41, 0.34 | 0.40, 0.41, -0.00
1.38, 0.88, 1.57 | 1.39, 0.86, 1.79 | 0.01, 0.19, -0.01 | 0.11, 0.20, -0.00
1.37, 0.92, 1.54 | 1.39, 0.89, 1.78 | -0.16, 0.08, -0.12 | -0.09, 0.09, -0.00
1.33, 0.89, 1.46 | 1.38, 0.89, 1.77 | -0.35, 0.00, -0.18 | -0.32, 0.00, -0.00
1.31, 0.90, 1.39 | 1.36, 0.90, 1.76 | 0.10, -0.55, 0.14 | 0.08, -0.55, -0.00
1.34, 0.91, 1.46 | 1.35, 0.91, 1.75 | 0.14, -0.25, -0.15 | 0.13, -0.25, -0.00
1.32, 0.96, 1.50 | 1.34, 0.93, 1.74 | 0.39, -0.06, 0.03 | 0.36, -0.07, -0.00
1.34, 0.94, 1.50 | 1.34, 0.94, 1.73 | 0.33, 0.54, 0.30 | 0.33, 0.54, -0.00
1.38, 1.00, 1.56 | 1.36, 0.98, 1.73 | 0.11, 0.65, 0.06 | 0.12, 0.65, -0.00
1.40, 1.04, 1.61 | 1.38, 1.01, 1.72 | 0.30, 0.32, -0.06 | 0.28, 0.32, -0.00
1.44, 1.11, 1.68 | 1.41, 1.07, 1.72 | -0.02, 0.27, 0.20 | 0.02, 0.27, -0.00
1.46, 1.18, 1.79 | 1.43, 1.15, 1.72 | -0.18, 0.07, 0.58 | -0.17, 0.07, -0.00
1.43, 1.22, 1.79 | 1.44, 1.20, 1.72 | 0.58, -0.70, -0.13 | 0.56, -0.69, -0.00
1.41, 1.27, 1.84 | 1.43, 1.26, 1.72 | -0.68, -1.04, -0.99 | -0.67, -1.04, -0.00
1.38, 1.33, 1.86 | 1.41, 1.32, 1.72 | 0.99, -0.76, 0.13 | 0.97, -0.76, -0.00
1.37, 1.37, 1.86 | 1.40, 1.36, 1.73 | 0.57, -0.60, -0.09 | 0.58, -0.60, -0.00
1.39, 1.40, 1.80 | 1.40, 1.39, 1.73 | 0.78, 0.09, 0.02 | 0.77, 0.09, -0.00
1.39, 1.45, 1.79 | 1.41, 1.43, 1.73 | 0.69, -0.03, -0.17 | 0.69, -0.03, -0.00
1.37, 1.44, 1.70 | 1.40, 1.45, 1.72 | 0.68, -0.15, 0.31 | 0.68, -0.15, -0.00
1.36, 1.45, 1.65 | 1.40, 1.46, 1.72 | 0.35, -0.04, 0.57 | 0.36, -0.04, -0.00
1.37, 1.46, 1.60 | 1.40, 1.47, 1.72 | -0.19, -0.16, 0.75 | -0.17, -0.16, -0.00
1.40, 1.48, 1.56 | 1.41, 1.48, 1.71 | -0.81, 0.04, -0.29 | -0.80, 0.04, -0.00
1.45, 1.48, 1.55 | 1.44, 1.49, 1.70 | -0.90, 0.44, -0.39 | -0.90, 0.44, -0.00
1.46, 1.49, 1.47 | 1.46, 1.49, 1.70 | -0.83, 0.54, -0.25 | -0.83, 0.54, -0.00
1.49, 1.46, 1.42 | 1.48, 1.48, 1.69 | -0.69, 0.39, -0.14 | -0.70, 0.39, -0.00
1.51, 1.46, 1.42 | 1.49, 1.48, 1.68 | -0.29, 0.21, 0.09 | -0.33, 0.21, -0.00
1.55, 1.51, 1.35 | 1.52, 1.51, 1.67 | -0.05, 0.67, 0.39 | -0.06, 0.67, -0.00
1.57, 1.52, 1.37 | 1.54, 1.52, 1.66 | -0.52, 0.59, -0.00 | -0.51, 0.59, -0.00
1.57, 1.50, 1.32 | 1.56, 1.51, 1.64 | -1.01, -0.44, -0.43 | -1.01, -0.44, -0.00
1.61, 1.55, 1.32 | 1.59, 1.54, 1.63 | 0.79, -1.01, 0.72 | 0.77, -1.01, -0.00
1.63, 1.57, 1.34 | 1.61, 1.57, 1.62 | -0.49, -0.12, -0.43 | -0.44, -0.13, -0.00
1.66, 1.60, 1.38 | 1.63, 1.59, 1.61 | 0.74, -0.48, 0.32 | 0.71, -0.48, -0.00
1.66, 1.57, 1.44 | 1.65, 1.58, 1.61 | -0.24, -0.59, -0.17 | -0.20, -0.59, -0.00
1.68, 1.62, 1.55 | 1.67, 1.61, 1.60 | 0.25, -0.69, 0.14 | 0.24, -0.69, -0.00
1.69, 1.66, 1.61 | 1.68, 1.64, 1.60 | 0.34, -0.55, 0.05 | 0.33, -0.55, -0.00
1.72, 1.69, 1.66 | 1.71, 1.68, 1.60 | 0.19, -0.17, 0.80 | 0.19, -0.17, -0.00
1.76, 1.71, 1.71 | 1.74, 1.70, 1.60 | 0.20, 0.16, 0.70 | 0.20, 0.16, -0.00
1.80, 1.74, 1.69 | 1.78, 1.72, 1.59 | -0.58, 0.40, -0.12 | -0.55, 0.40, -0.00
1.82, 1.71, 1.68 | 1.81, 1.72, 1.59 | 0.05, 0.84, -0.31 | 0.04, 0.84, -0.00
1.86, 1.68, 1.68 | 1.84, 1.70, 1.59 | -0.07, 0.40, -0.16 | -0.06, 0.41, -0.00
1.91, 1.66, 1.68 | 1.88, 1.69, 1.59 | 0.16, 0.25, -0.04 | 0.13, 0.25, -0.00
1.95, 1.65, 1.66 | 1.92, 1.67, 1.59 | 0.25, 0.10, -0.11 | 0.23, 0.10, -0.00
1.97, 1.63, 1.63 | 1.96, 1.66, 1.59 | 0.22, -0.02, 0.04 | 0.22, -0.02, -0.00
2.00, 1.61, 1.62 | 2.00, 1.62, 1.59 | 0.73, 0.04, 0.76 | 0.72, 0.04, -0.00
2.06, 1.58, 1.60 | 2.05, 1.59, 1.58 | -0.68, -0.47, 0.23 | -0.65, -0.47, -0.00
2.12, 1.56, 1.57 | 2.11, 1.57, 1.58 | -0.64, -0.96, -0.31 | -0.64, -0.96, -0.00
2.18, 1.55, 1.57 | 2.16, 1.55, 1.58 | -0.56, -0.76, -0.13 | -0.56, -0.76, -0.00
2.22, 1.52, 1.60 | 2.21, 1.52, 1.57 | -0.15, -0.58, 0.18 | -0.17, -0.58, -0.00
2.27, 1.48, 1.63 | 2.25, 1.48, 1.57 | -0.44, -0.54, 0.09 | -0.43, -0.54, -0.00
2.31, 1.43, 1.64 | 2.29, 1.44, 1.57 | -0.46, -0.35, 0.21 | -0.45, -0.35, -0.00
2.33, 1.41, 1.62 | 2.32, 1.40, 1.57 | -0.08, -0.17, 0.68 | -0.10, -0.17, -0.00
2.36, 1.39, 1.64 | 2.35, 1.37, 1.57 | 0.11, 0.31, 0.07 | 0.09, 0.31, -0.00
2.38, 1.37, 1.65 | 2.38, 1.36, 1.56 | -0.11, 1.34, -0.53 | -0.10, 1.33, -0.00
2.41, 1.34, 1.64 | 2.41, 1.34, 1.56 | 0.51, 0.87, 0.41 | 0.50, 0.87, -0.00
2.39, 1.34, 1.60 | 2.42, 1.33, 1.56 | 0.18, 0.31, -0.22 | 0.21, 0.32, -0.00
2.39, 1.33, 1.55 | 2.42, 1.32, 1.56 | 0.40, 0.37, 0.09 | 0.39, 0.37, -0.00
2.39, 1.33, 1.52 | 2.42, 1.32, 1.55 | 0.54, 0.19, 0.14 | 0.53, 0.19, -0.00
2.39, 1.34, 1.48 | 2.42, 1.33, 1.55 | 0.66, 0.15, 0.16 | 0.66, 0.15, -0.00
2.39, 1.34, 1.46 | 2.42, 1.34, 1.54 | 0.50, 0.38, 0.23 | 0.50, 0.38, -0.00
2.38, 1.35, 1.44 | 2.42, 1.34, 1.53 | 0.24, 0.57, 0.02 | 0.26, 0.57, -0.00
2.41, 1.33, 1.49 | 2.43, 1.34, 1.53 | -0.69, 0.41, -0.15 | -0.66, 0.41, -0.00
2.43, 1.32, 1.50 | 2.44, 1.33, 1.53 | -1.07, -0.70, 0.38 | -1.07, -0.70, -0.00
2.43, 1.34, 1.45 | 2.45, 1.34, 1.52 | -0.66, -0.33, -0.05 | -0.68, -0.34, -0.00
2.47, 1.32, 1.46 | 2.46, 1.33, 1.51 | -0.21, -0.02, 0.04 | -0.32, -0.02, -0.00
2.49, 1.29, 1.47 | 2.47, 1.31, 1.51 | -0.36, 0.21, 0.22 | -0.36, 0.21, -0.00
2.47, 1.30, 1.44 | 2.47, 1.30, 1.50 | -0.43, 0.38, 0.22 | -0.43, 0.38, -0.00
2.48, 1.28, 1.49 | 2.48, 1.29, 1.50 | 0.03, 0.08, 0.15 | -0.10, 0.09, -0.00
2.50, 1.26, 1.51 | 2.49, 1.27, 1.50 | 0.56, -0.49, 0.22 | 0.54, -0.49, -0.00
2.47, 1.27, 1.47 | 2.48, 1.27, 1.49 | 0.91, 0.00, -0.31 | 0.90, 0.00, -0.00
2.48, 1.23, 1.53 | 2.48, 1.24, 1.49 | 0.70, -0.35, 0.46 | 0.70, -0.35, -0.00
2.44, 1.25, 1.52 | 2.47, 1.24, 1.48 | 0.21, -0.86, 0.24 | 0.22, -0.86, -0.00
2.44, 1.21, 1.55 | 2.46, 1.22, 1.48 | 0.28, -0.91, -0.05 | 0.28, -0.91, -0.00
2.46, 1.19, 1.57 | 2.47, 1.19, 1.48 | 0.31, -0.68, 0.17 | 0.31, -0.68, -0.00
2.43, 1.15, 1.59 | 2.46, 1.15, 1.48 | 0.21, -0.47, -0.05 | 0.21, -0.47, -0.00
2.41, 1.15, 1.57 | 2.44, 1.14, 1.48 | 0.08, -0.61, 0.90 | 0.08, -0.61, -0.00
2.40, 1.15, 1.57 | 2.43, 1.13, 1.48 | -0.47, 0.54, 0.15 | -0.45, 0.54, -0.00
2.42, 1.14, 1.59 | 2.43, 1.13, 1.48 | -0.21, 1.70, -0.32 | -0.21, 1.70, -0.00
2.41, 1.08, 1.60 | 2.42, 1.09, 1.47 | -0.45, 1.08, -0.06 | -0.45, 1.08, -0.00
2.43, 1.10, 1.63 | 2.43, 1.09, 1.47 | -0.40, 0.74, 0.21 | -0.40, 0.74, -0.00
2.42, 1.07, 1.59 | 2.42, 1.08, 1.47 | -0.03, 0.60, -0.41 | -0.04, 0.60, -0.00
2.37, 1.08, 1.50 | 2.39, 1.08, 1.47 | 0.27, 0.29, 0.28 | 0.25, 0.29, -0.00
2.38, 1.10, 1.47 | 2.38, 1.09, 1.47 | -0.01, -0.19, 0.09 | 0.05, -0.18, -0.00
2.34, 1.08, 1.46 | 2.36, 1.09, 1.46 | 0.39, -0.61, -0.45 | 0.38, -0.61, -0.00
2.32, 1.08, 1.45 | 2.33, 1.08, 1.46 | 0.83, -0.25, -0.05 | 0.82, -0.25, -0.00
2.30, 1.09, 1.45 | 2.31, 1.08, 1.45 | 0.40, -0.45, 0.14 | 0.42, -0.44, -0.00
2.28, 1.08, 1.44 | 2.29, 1.08, 1.45 | 0.43, -0.95, -0.27 | 0.43, -0.95, -0.00
2.29, 1.09, 1.49 | 2.29, 1.08, 1.45 | 0.00, -0.65, -0.34 | 0.02, -0.65, -0.00
2.24, 1.12, 1.43 | 2.26, 1.10, 1.44 | 0.03, -1.04, 0.16 | 0.03, -1.04, -0.00
2.27, 1.13, 1.46 | 2.27, 1.12, 1.44 | -0.13, -1.40, -0.52 | -0.13, -1.40, -0.00
2.28, 1.12, 1.45 | 2.27, 1.11, 1.43 | 0.20, -1.11, -0.16 | 0.20, -1.11, -0.00
2.28, 1.08, 1.45 | 2.28, 1.08, 1.43 | 0.13, 0.02, 0.68 | 0.13, 0.02, -0.00
2.30, 1.04, 1.47 | 2.29, 1.03, 1.43 | -0.57, 1.12, -0.18 | -0.56, 1.12, -0.00
2.29, 1.00, 1.45 | 2.29, 1.00, 1.42 | -0.15, 0.91, 0.45 | -0.15, 0.91, -0.00
2.31, 0.96, 1.47 | 2.30, 0.96, 1.42 | -0.47, 1.08, 0.14 | -0.47, 1.08, -0.00
2.36, 0.92, 1.54 | 2.33, 0.92, 1.42 | -0.09, 1.02, -0.11 | -0.10, 1.02, -0.00
2.38, 0.87, 1.58 | 2.36, 0.88, 1.42 | -0.18, 0.75, 0.32 | -0.17, 0.75, -0.00
2.37, 0.84, 1.56 | 2.37, 0.85, 1.42 | 0.27, 0.65, -0.40 | 0.26, 0.65, -0.00
2.36, 0.85, 1.54 | 2.37, 0.85, 1.42 | -0.62, -0.34, 0.65 | -0.60, -0.34, -0.00
2.36, 0.87, 1.48 | 2.36, 0.86, 1.42 | -0.48, -0.96, 0.30 | -0.48, -0.96, -0.00
2.35, 0.87, 1.47 | 2.35, 0.86, 1.41 | 0.49, -1.02, -0.45 | 0.48, -1.02, -0.00
2.38, 0.87, 1.54 | 2.37, 0.86, 1.41 | 0.82, -0.78, 0.07 | 0.81, -0.78, -0.00
2.38, 0.86, 1.54 | 2.38, 0.85, 1.41 | 0.15, -0.56, -0.27 | 0.18, -0.56, -0.00
2.41, 0.86, 1.60 | 2.40, 0.85, 1.41 | 0.07, -0.68, 0.00 | 0.08, -0.68, -0.00
2.42, 0.81, 1.64 | 2.42, 0.81, 1.41 | 0.11, -0.60, -0.24 | 0.11, -0.60, -0.00
2.41, 0.81, 1.58 | 2.42, 0.80, 1.41 | 0.14, -0.52, -0.12 | 0.14, -0.52, -0.00
2.40, 0.80, 1.56 | 2.42, 0.78, 1.41 | 0.30, -0.20, 0.15 | 0.28, -0.20, -0.00
2.43, 0.78, 1.62 | 2.43, 0.77, 1.42 | -0.10, 0.58, 0.25 | -0.08, 0.58, -0.00
2.39, 0.80, 1.51 | 2.41, 0.78, 1.41 | -0.21, 1.22, -0.42 | -0.20, 1.22, -0.00
2.43, 0.75, 1.56 | 2.43, 0.75, 1.41 | 0.10, 1.50, -0.28 | 0.10, 1.50, -0.00
2.47, 0.71, 1.60 | 2.46, 0.72, 1.41 | 0.12, 1.48, -0.07 | 0.12, 1.48, -0.00
2.50, 0.68, 1.66 | 2.49, 0.69, 1.42 | -0.08, 1.03, 0.33 | -0.08, 1.03, -0.00
2.49, 0.66, 1.60 | 2.49, 0.67, 1.42 | -0.42, 0.89, -0.01 | -0.41, 0.89, -0.00
2.50, 0.65, 1.62 | 2.50, 0.67, 1.42 | -0.22, 0.57, -0.14 | -0.23, 0.57, -0.00
2.45, 0.69, 1.48 | 2.48, 0.69, 1.42 | -0.15, 0.24, 0.21 | -0.16, 0.24, -0.00
2.46, 0.64, 1.50 | 2.47, 0.66, 1.42 | -0.85, -0.52, 0.46 | -0.83, -0.52, -0.00
2.48, 0.64, 1.50 | 2.47, 0.65, 1.41 | -0.14, -0.95, 0.13 | -0.16, -0.95, -0.00
2.47, 0.65, 1.46 | 2.47, 0.65, 1.41 | 0.03, -0.93, -0.02 | 0.03, -0.93, -0.00
2.43, 0.69, 1.37 | 2.44, 0.67, 1.41 | 0.07, -0.63, -0.73 | 0.07, -0.63, -0.00
2.44, 0.66, 1.40 | 2.43, 0.66, 1.40 | -0.08, -0.53, -1.00 | -0.08, -0.53, -0.00
2.45, 0.66, 1.43 | 2.44, 0.66, 1.40 | -0.58, 0.03, -1.08 | -0.57, 0.03, -0.00
2.47, 0.64, 1.51 | 2.45, 0.64, 1.40 | -0.42, 0.73, -0.95 | -0.42, 0.73, -0.00
2.46, 0.65, 1.53 | 2.45, 0.65, 1.40 | 0.42, 0.37, -2.00 | 0.42, 0.37, -0.00
2.47, 0.62, 1.57 | 2.46, 0.63, 1.40 | 1.47, 0.67, -1.05 | 1.47, 0.67, -0.00
2.49, 0.61, 1.62 | 2.48, 0.61, 1.40 | 0.87, 0.80, -0.98 | 0.87, 0.80, -0.00
2.47, 0.60, 1.58 | 2.48, 0.60, 1.40 | -0.21, 0.50, 1.13 | -0.20, 0.50, -0.00
2.49, 0.56, 1.61 | 2.49, 0.57, 1.40 | 0.02, -0.03, 1.70 | 0.02, -0.03, -0.00
2.49, 0.56, 1.55 | 2.49, 0.56, 1.40 | 0.36, 0.28, 2.01 | 0.36, 0.28, -0.00
2.48, 0.56, 1.44 | 2.48, 0.56, 1.40 | 1.15, -0.71, 1.06 | 1.15, -0.71, -0.00
2.49, 0.55, 1.39 | 2.49, 0.55, 1.40 | 1.31, 0.09, -0.31 | 1.30, 0.08, -0.00
2.50, 0.56, 1.27 | 2.50, 0.56, 1.39 | 1.69, 0.62, 0.30 | 1.68, 0.62, -0.00
2.53, 0.58, 1.19 | 2.54, 0.58, 1.38 | 1.50, 0.42, 0.94 | 1.50, 0.42, -0.00
2.59, 0.61, 1.12 | 2.59, 0.61, 1.37 | -2.03, 0.44, 2.31 | -2.02, 0.44, -0.00
2.67, 0.58, 1.17 | 2.67, 0.58, 1.36 | -4.18, -2.22, 3.73 | -4.18, -2.22, -0.00
2.71, 0.58, 1.10 | 2.70, 0.58, 1.35 | -0.90, -1.62, 1.36 | -0.91, -1.62, -0.00
2.73, 0.59, 1.03 | 2.73, 0.59, 1.34 | 0.46, -1.96, -2.44 | 0.46, -1.96, -0.00
2.86, 0.58, 1.12 | 2.82, 0.58, 1.33 | -0.62, 0.47, -1.49 | -0.61, 0.47, -0.00
2.90, 0.60, 1.02 | 2.88, 0.59, 1.32 | -1.15, 0.28, -0.09 | -1.14, 0.28, -0.00
2.98, 0.57, 1.08 | 2.95, 0.57, 1.31 | -1.01, 0.01, 0.19 | -1.01, 0.01, -0.00
3.01, 0.56, 1.01 | 3.00, 0.56, 1.30 | -1.39, -0.06, -0.78 | -1.39, -0.06, -0.00
3.06, 0.51, 1.08 | 3.05, 0.52, 1.29 | -0.99, -0.12, -0.54 | -1.00, -0.12, -0.00
3.12, 0.48, 1.13 | 3.09, 0.49, 1.28 | -0.56, 0.34, 0.33 | -0.57, 0.34, -0.00
3.14, 0.52, 1.05 | 3.12, 0.50, 1.27 | 0.33, 0.06, -0.06 | 0.21, 0.06, -0.00
3.14, 0.54, 0.97 | 3.14, 0.52, 1.25 | 0.72, -0.12, 0.28 | 0.70, -0.12, -0.00
3.16, 0.54, 0.93 | 3.16, 0.53, 1.24 | 0.66, -0.14, -0.11 | 0.66, -0.14, -0.00
3.16, 0.57, 0.89 | 3.17, 0.55, 1.23 | 0.49, 0.08, -0.08 | 0.50, 0.08, -0.00
3.16, 0.58, 0.84 | 3.18, 0.57, 1.21 | 0.27, 0.23, 0.04 | 0.30, 0.23, -0.00
3.19, 0.57, 0.90 | 3.20, 0.57, 1.20 | 0.21, -0.08, 0.00 | 0.23, -0.07, -0.00
3.19, 0.58, 0.85 | 3.22, 0.58, 1.18 | 0.16, -0.03, -0.11 | 0.18, -0.03, -0.00
3.21, 0.56, 0.92 | 3.23, 0.57, 1.17 | 0.10, 0.00, -0.05 | 0.13, 0.00, -0.00
3.25, 0.53, 1.01 | 3.26, 0.56, 1.16 | 0.10, 0.01, -0.06 | 0.12, 0.01, -0.00
3.24, 0.49, 1.06 | 3.27, 0.53, 1.15 | 0.12, 0.01, 0.00 | 0.12, 0.01, -0.00
3.22, 0.46, 1.08 | 3.27, 0.50, 1.14 | 0.07, 0.00, -0.07 | 0.09, 0.00, -0.00
3.21, 0.43, 1.10 | 3.27, 0.47, 1.14 | 0.10, 0.06, -0.08 | 0.10, 0.06, -0.00
3.20, 0.41, 1.11 | 3.27, 0.44, 1.13 | 0.04, 0.01, -0.06 | 0.07, 0.01, -0.00
3.18, 0.44, 1.04 | 3.26, 0.43, 1.12 | 0.10, -0.07, -0.02 | 0.09, -0.06, -0.00
3.20, 0.45, 1.03 | 3.25, 0.43, 1.11 | 0.08, 0.01, -0.02 | 0.08, 0.00, -0.00
3.21, 0.47, 1.03 | 3.26, 0.43, 1.10 | 0.06, -0.03, -0.07 | 0.07, -0.02, -0.00
3.21, 0.46, 1.05 | 3.26, 0.43, 1.10 | 0.07, -0.01, -0.04 | 0.07, -0.01, -0.00
3.22, 0.46, 1.07 | 3.26, 0.43, 1.09 | 0.04, 0.01, 0.08 | 0.06, 0.00, -0.00
3.21, 0.49, 1.01 | 3.26, 0.44, 1.08 | 0.02, 0.03, -0.00 | 0.04, 0.02, -0.00
3.25, 0.49, 1.06 | 3.26, 0.45, 1.07 | 0.03, 0.03, -0.16 | 0.03, 0.03, -0.00
3.24, 0.51, 1.00 | 3.27, 0.46, 1.07 | 0.04, 0.03, 0.06 | 0.04, 0.03, -0.00
3.23, 0.53, 0.96 | 3.27, 0.47, 1.06 | -0.01, -0.03, 0.05 | 0.02, -0.01, -0.00
3.23, 0.48, 1.01 | 3.27, 0.47, 1.05 | 0.01, 0.01, -0.00 | 0.02, -0.00, -0.00
3.21, 0.52, 0.95 | 3.27, 0.48, 1.04 | -0.01, -0.00, -0.04 | 0.01, -0.00, -0.00
3.20, 0.53, 0.93 | 3.26, 0.49, 1.03 | 0.04, -0.07, -0.09 | 0.03, -0.07, -0.00
3.23, 0.54, 0.98 | 3.26, 0.50, 1.02 | -0.01, 0.07, 0.02 | 0.01, 0.05, -0.00
3.23, 0.49, 1.05 | 3.26, 0.50, 1.02 | -0.00, 0.01, 0.02 | 0.01, 0.03, -0.00
3.23, 0.50, 1.05 | 3.27, 0.50, 1.01 | -0.01, -0.00, -0.01 | 0.00, 0.01, -0.00
3.23, 0.52, 1.02 | 3.26, 0.50, 1.00 | -0.02, 0.01, -0.04 | -0.00, 0.01, -0.00
3.25, 0.51, 1.05 | 3.27, 0.50, 1.00 | 0.04, 0.02, -0.05 | 0.01, 0.02, -0.00
3.24, 0.48, 1.08 | 3.27, 0.50, 0.99 | 0.01, 0.01, -0.02 | 0.01, 0.01, -0.00
3.22, 0.45, 1.09 | 3.27, 0.49, 0.99 | 0.00, -0.01, -0.05 | 0.01, -0.00, -0.00
3.22, 0.46, 1.08 | 3.26, 0.49, 0.99 | 0.01, -0.00, 0.02 | 0.01, -0.00, -0.00
3.20, 0.49, 1.01 | 3.26, 0.49, 0.98 | -0.00, -0.00, -0.08 | 0.00, -0.00, -0.00
3.18, 0.46, 1.06 | 3.25, 0.48, 0.97 | 0.02, -0.01, -0.05 | 0.01, -0.01, -0.00
3.17, 0.43, 1.09 | 3.24, 0.47, 0.97 | -0.02, 0.08, 0.09 | -0.00, 0.08, -0.00
3.18, 0.41, 1.13 | 3.24, 0.46, 0.97 | 0.01, 0.01, 0.03 | -0.00, 0.04, -0.00
3.17, 0.46, 1.05 | 3.23, 0.46, 0.96 | 0.01, -0.01, -0.12 | 0.00, -0.01, -0.00
3.16, 0.49, 0.95 | 3.22, 0.46, 0.96 | -0.14, 0.09, 0.00 | -0.09, 0.09, -0.00
3.14, 0.53, 0.90 | 3.21, 0.48, 0.95 | -0.03, -0.05, -0.06 | -0.06, -0.03, -0.00
3.15, 0.48, 0.98 | 3.20, 0.48, 0.94 | 0.08, 0.06, 0.01 | 0.01, 0.05, -0.00
3.20, 0.50, 1.03 | 3.20, 0.48, 0.94 | 0.09, -0.02, 0.01 | 0.05, -0.01, -0.00
3.20, 0.53, 0.97 | 3.20, 0.49, 0.93 | 0.05, -0.09, -0.01 | 0.05, -0.09, -0.00
3.18, 0.55, 0.92 | 3.20, 0.50, 0.92 | 0.00, 0.00, 0.03 | 0.03, -0.03, -0.00
3.17, 0.57, 0.88 | 3.19, 0.52, 0.92 | -0.05, 0.05, 0.11 | -0.02, 0.05, -0.00
3.19, 0.56, 0.94 | 3.19, 0.53, 0.91 | -0.15, 0.23, 0.01 | -0.13, 0.23, -0.00
3.24, 0.56, 1.00 | 3.21, 0.55, 0.91 | -0.33, 0.87, 0.31 | -0.33, 0.87, -0.00
3.23, 0.58, 0.97 | 3.22, 0.58, 0.90 | -0.28, 1.38, -0.41 | -0.28, 1.38, -0.00
3.24, 0.54, 1.04 | 3.23, 0.55, 0.90 | 0.40, 1.16, 0.11 | 0.39, 1.16, -0.00
3.20, 0.59, 0.96 | 3.21, 0.59, 0.89 | 0.77, -0.27, -0.24 | 0.76, -0.27, -0.00
3.21, 0.59, 1.00 | 3.21, 0.60, 0.89 | 0.68, -0.45, 0.23 | 0.68, -0.45, -0.00
3.21, 0.59, 1.09 | 3.21, 0.60, 0.89 | 0.09, -1.10, -0.16 | 0.09, -1.10, -0.00
3.21, 0.62, 1.16 | 3.22, 0.62, 0.89 | 0.11, -0.41, 0.04 | 0.11, -0.41, -0.00
3.23, 0.62, 1.17 | 3.23, 0.63, 0.89 | -0.16, -0.41, -0.11 | -0.14, -0.41, -0.00
3.29, 0.70, 1.14 | 3.26, 0.67, 0.89 | -0.39, -0.31, 0.06 | -0.37, -0.31, -0.00
3.28, 0.75, 1.04 | 3.28, 0.72, 0.89 | -0.23, -0.29, 0.03 | -0.25, -0.29, -0.00
3.26, 0.78, 1.04 | 3.27, 0.76, 0.88 | -0.77, -0.37, 0.17 | -0.76, -0.37, -0.00
3.27, 0.73, 1.11 | 3.27, 0.75, 0.88 | -0.28, -0.12, -0.06 | -0.35, -0.12, -0.00
3.31, 0.73, 1.11 | 3.28, 0.75, 0.88 | -0.07, 0.06, -0.16 | -0.15, 0.06, -0.00
3.30, 0.70, 1.14 | 3.29, 0.73, 0.89 | 0.15, 0.09, 0.01 | 0.06, 0.09, -0.00
3.33, 0.74, 1.12 | 3.30, 0.74, 0.89 | 0.00, 0.04, 0.00 | 0.04, 0.06, -0.00
3.35, 0.76, 1.12 | 3.32, 0.75, 0.89 | -0.02, 0.05, 0.07 | 0.01, 0.05, -0.00
3.34, 0.74, 1.12 | 3.33, 0.75, 0.89 | 0.07, 0.16, -0.14 | 0.06, 0.16, -0.00
3.32, 0.77, 1.03 | 3.33, 0.76, 0.88 | 0.09, 0.09, 0.05 | 0.07, 0.09, -0.00
3.29, 0.79, 0.96 | 3.32, 0.77, 0.88 | -0.11, -0.02, 0.01 | -0.03, -0.01, -0.00
3.29, 0.78, 0.97 | 3.31, 0.78, 0.88 | 0.02, 0.00, -0.07 | -0.00, 0.00, -0.00
3.28, 0.79, 0.95 | 3.31, 0.79, 0.87 | 0.12, 0.06, -0.01 | 0.07, 0.06, -0.00
3.28, 0.73, 1.04 | 3.30, 0.78, 0.87 | 0.01, 0.06, -0.16 | 0.03, 0.06, -0.00
3.27, 0.77, 0.98 | 3.29, 0.78, 0.87 | 0.06, 0.03, -0.01 | 0.04, 0.03, -0.00
3.27, 0.79, 0.92 | 3.29, 0.79, 0.87 | -0.07, -0.00, -0.08 | -0.02, 0.00, -0.00
3.28, 0.79, 0.95 | 3.29, 0.79, 0.86 | -0.21, -0.08, -0.13 | -0.17, -0.07, -0.00
3.28, 0.76, 1.00 | 3.28, 0.78, 0.86 | -0.37, -0.21, -0.08 | -0.35, -0.21, -0.00
3.33, 0.81, 1.01 | 3.30, 0.80, 0.86 | -0.77, -0.75, -0.12 | -0.76, -0.75, -0.00
3.31, 0.77, 1.08 | 3.30, 0.78, 0.86 | -0.25, -0.80, -0.03 | -0.27, -0.80, -0.00
3.28, 0.72, 1.15 | 3.28, 0.74, 0.86 | 0.93, -0.38, 0.37 | 0.91, -0.38, -0.00
3.23, 0.68, 1.23 | 3.25, 0.70, 0.87 | 0.72, 0.16, -0.02 | 0.72, 0.16, -0.00
3.22, 0.68, 1.19 | 3.23, 0.68, 0.87 | 0.52, -0.56, -0.30 | 0.53, -0.56, -0.00
3.18, 0.68, 1.07 | 3.21, 0.67, 0.87 | 0.95, 0.21, 0.09 | 0.94, 0.21, -0.00
3.22, 0.65, 1.11 | 3.22, 0.65, 0.87 | 0.42, 1.03, 0.62 | 0.42, 1.03, -0.00
3.29, 0.66, 1.12 | 3.26, 0.65, 0.88 | -0.41, 0.81, -0.14 | -0.39, 0.81, -0.00
3.28, 0.63, 1.05 | 3.28, 0.64, 0.88 | 0.17, -0.05, -0.02 | 0.01, -0.03, -0.00
3.25, 0.55, 1.08 | 3.28, 0.59, 0.88 | -0.23, 0.19, 0.03 | -0.19, 0.19, -0.00
3.29, 0.50, 1.13 | 3.29, 0.54, 0.88 | -0.18, -0.19, -0.39 | -0.18, -0.19, -0.00
3.30, 0.49, 1.13 | 3.30, 0.50, 0.88 | -0.74, -0.05, 0.01 | -0.72, -0.05, -0.00
3.25, 0.47, 1.06 | 3.28, 0.47, 0.88 | -0.38, -0.15, -0.16 | -0.41, -0.14, -0.00
3.22, 0.44, 0.99 | 3.25, 0.44, 0.88 | -0.75, -0.10, 0.24 | -0.74, -0.11, -0.00
3.23, 0.40, 1.04 | 3.24, 0.41, 0.88 | -0.29, -0.17, 0.05 | -0.35, -0.17, -0.00
3.18, 0.40, 0.93 | 3.20, 0.39, 0.88 | -0.24, -0.22, -0.13 | -0.25, -0.22, -0.00
3.18, 0.40, 0.91 | 3.18, 0.37, 0.88 | -0.16, -0.17, 0.00 | -0.18, -0.17, -0.00
3.17, 0.41, 0.88 | 3.16, 0.37, 0.87 | 0.12, -0.19, -0.12 | 0.06, -0.18, -0.00
3.16, 0.39, 0.89 | 3.14, 0.36, 0.87 | 0.03, -0.20, 0.00 | 0.04, -0.20, -0.00
3.15, 0.38, 0.89 | 3.13, 0.36, 0.86 | 0.00, -0.16, 0.04 | 0.02, -0.16, -0.00
3.13, 0.39, 0.82 | 3.12, 0.35, 0.86 | 0.07, -0.16, -0.03 | 0.05, -0.16, -0.00
3.10, 0.41, 0.78 | 3.10, 0.36, 0.85 | 0.04, -0.12, 0.05 | 0.04, -0.12, -0.00
3.10, 0.40, 0.82 | 3.09, 0.36, 0.85 | -0.04, -0.12, -0.14 | -0.01, -0.12, -0.00
3.11, 0.41, 0.84 | 3.08, 0.37, 0.84 | -0.02, -0.10, -0.08 | -0.02, -0.10, -0.00
3.11, 0.40, 0.84 | 3.08, 0.37, 0.84 | -0.12, -0.09, -0.02 | -0.09, -0.09, -0.00
3.14, 0.36, 0.92 | 3.08, 0.35, 0.84 | -0.04, -0.03, 0.02 | -0.07, -0.04, -0.00
3.13, 0.39, 0.89 | 3.08, 0.35, 0.83 | -0.03, -0.02, -0.01 | -0.05, -0.03, -0.00
3.15, 0.37, 0.96 | 3.10, 0.36, 0.83 | -0.80, 0.17, -0.07 | -0.78, 0.17, -0.00
3.19, 0.35, 1.03 | 3.13, 0.35, 0.83 | -0.83, 0.52, -0.21 | -0.83, 0.52, -0.00
3.17, 0.33, 1.02 | 3.14, 0.33, 0.84 | -0.19, 0.73, -0.01 | -0.21, 0.73, -0.00
3.18, 0.34, 1.04 | 3.15, 0.34, 0.84 | 0.77, 0.36, 0.78 | 0.76, 0.36, 0.00
3.18, 0.35, 1.06 | 3.15, 0.35, 0.84 | 0.59, 0.30, 0.15 | 0.60, 0.30, 0.00
3.15, 0.41, 0.97 | 3.14, 0.39, 0.84 | 0.42, 0.06, 0.35 | 0.43, 0.07, 0.00
3.13, 0.45, 0.91 | 3.13, 0.43, 0.84 | 0.45, -0.06, -0.06 | 0.45, -0.06, 0.00
3.12, 0.43, 0.99 | 3.13, 0.44, 0.84 | 0.57, -0.44, 0.12 | 0.56, -0.44, 0.00
3.12, 0.49, 0.95 | 3.13, 0.47, 0.84 | 0.26, -0.45, -0.10 | 0.28, -0.45, 0.00
3.16, 0.53, 1.03 | 3.14, 0.51, 0.84 | 0.04, -0.18, 0.11 | 0.10, -0.19, 0.00
3.15, 0.56, 1.01 | 3.15, 0.54, 0.84 | -0.03, -0.34, 0.12 | -0.01, -0.34, 0.00
3.12, 0.54, 1.08 | 3.14, 0.55, 0.85 | 0.05, 0.02, -0.27 | 0.04, 0.01, 0.00
3.16, 0.58, 1.11 | 3.15, 0.56, 0.85 | -0.05, -0.02, -0.06 | -0.01, -0.01, 0.00
3.14, 0.62, 1.02 | 3.15, 0.59, 0.85 | -0.07, -0.18, -0.10 | -0.05, -0.17, 0.00
3.12, 0.64, 0.94 | 3.15, 0.62, 0.85 | -0.04, -0.18, 0.14 | -0.04, -0.18, 0.00
3.12, 0.68, 0.90 | 3.14, 0.65, 0.85 | 0.01, 0.05, -0.07 | -0.01, 0.03, 0.00
3.16, 0.68, 0.96 | 3.15, 0.67, 0.85 | -0.10, 0.14, -0.02 | -0.07, 0.13, 0.00
3.15, 0.71, 0.91 | 3.15, 0.70, 0.85 | -0.02, 0.05, -0.06 | -0.04, 0.06, 0.00
3.19, 0.72, 0.99 | 3.16, 0.72, 0.85 | 0.02, 0.11, 0.00 | -0.01, 0.11, 0.00
3.17, 0.67, 1.05 | 3.17, 0.72, 0.85 | 0.01, 0.13, -0.05 | 0.00, 0.13, 0.00
3.13, 0.63, 1.06 | 3.16, 0.71, 0.86 | -0.01, 0.10, -0.07 | -0.00, 0.10, 0.00
3.15, 0.62, 1.08 | 3.16, 0.70, 0.86 | 0.00, 0.02, -0.04 | -0.00, 0.04, 0.00
3.14, 0.65, 0.98 | 3.16, 0.69, 0.86 | -0.03, 0.06, -0.01 | -0.01, 0.06, 0.00
3.19, 0.67, 1.03 | 3.17, 0.70, 0.86 | -0.05, 0.03, 0.04 | -0.03, 0.04, 0.00
3.18, 0.70, 0.96 | 3.17, 0.71, 0.86 | -0.06, -0.07, -0.01 | -0.04, -0.06, 0.00
3.21, 0.72, 1.01 | 3.18, 0.72, 0.87 | -0.00, -0.13, -0.05 | -0.02, -0.13, 0.00
3.19, 0.74, 0.94 | 3.18, 0.73, 0.87 | -0.30, -0.17, -0.22 | -0.27, -0.17, 0.00
3.19, 0.70, 1.00 | 3.18, 0.73, 0.87 | -0.26, -0.18, 0.10 | -0.26, -0.18, 0.00
3.18, 0.68, 1.01 | 3.18, 0.71, 0.87 | -0.27, 0.37, 0.36 | -0.27, 0.37, 0.00
3.19, 0.65, 1.03 | 3.18, 0.68, 0.87 | -0.80, 0.32, -0.23 | -0.79, 0.32, 0.00
3.14, 0.68, 0.96 | 3.15, 0.68, 0.87 | -1.07, 0.06, -0.54 | -1.06, 0.06, 0.00
3.12, 0.70, 0.90 | 3.13, 0.70, 0.87 | -0.51, -0.31, -0.43 | -0.53, -0.31, 0.00
3.14, 0.66, 1.03 | 3.12, 0.68, 0.87 | -0.10, -0.74, -0.18 | -0.12, -0.74, 0.00
3.09, 0.65, 1.01 | 3.09, 0.66, 0.88 | 0.13, -0.07, -0.73 | 0.13, -0.08, 0.00
3.03, 0.64, 0.94 | 3.05, 0.65, 0.88 | 0.09, -0.22, -0.22 | 0.10, -0.22, 0.00
2.99, 0.64, 0.92 | 3.00, 0.64, 0.88 | -0.52, 0.67, 0.70 | -0.51, 0.67, 0.00
2.95, 0.64, 0.92 | 2.96, 0.64, 0.88 | -0.03, 0.31, 0.96 | -0.04, 0.31, 0.00
2.93, 0.61, 1.00 | 2.93, 0.62, 0.88 | 0.63, 0.24, 0.56 | 0.61, 0.24, 0.00
2.89, 0.60, 1.07 | 2.89, 0.60, 0.88 | 0.67, 0.03, 1.04 | 0.67, 0.03, 0.00
2.83, 0.61, 1.03 | 2.85, 0.61, 0.89 | 0.42, 0.06, 1.29 | 0.42, 0.06, 0.00
2.83, 0.62, 1.13 | 2.83, 0.62, 0.89 | 0.37, -0.04, 2.45 | 0.37, -0.04, 0.00
2.77, 0.58, 1.16 | 2.78, 0.59, 0.90 | 0.96, -0.06, 1.80 | 0.96, -0.06, 0.00
2.73, 0.58, 1.20 | 2.74, 0.58, 0.91 | 1.42, -0.33, 1.48 | 1.42, -0.33, 0.00
2.65, 0.60, 1.13 | 2.69, 0.60, 0.91 | 0.22, 0.02, 0.77 | 0.26, 0.02, 0.00
2.64, 0.59, 1.23 | 2.66, 0.59, 0.92 | -0.13, 0.12, 0.09 | -0.04, 0.12, 0.00
2.63, 0.57, 1.28 | 2.64, 0.57, 0.93 | 0.23, -0.43, -2.68 | 0.23, -0.43, 0.00
2.59, 0.56, 1.31 | 2.60, 0.56, 0.94 | -0.55, -0.03, -3.25 | -0.55, -0.03, 0.00
2.58, 0.57, 1.38 | 2.58, 0.57, 0.95 | -0.82, -0.30, -2.81 | -0.81, -0.30, 0.00
2.58, 0.56, 1.45 | 2.58, 0.56, 0.97 | -1.12, -0.22, -1.57 | -1.11, -0.22, 0.00
2.59, 0.56, 1.52 | 2.57, 0.56, 0.98 | -0.36, -0.32, -0.25 | -0.41, -0.32, 0.00
2.59, 0.54, 1.52 | 2.57, 0.54, 1.00 | -0.52, 0.02, -0.21 | -0.51, 0.02, 0.00
2.58, 0.51, 1.54 | 2.56, 0.52, 1.01 | -0.41, 0.06, -0.15 | -0.42, 0.06, 0.00
2.57, 0.50, 1.55 | 2.56, 0.50, 1.03 | 0.00, 0.06, -0.71 | -0.01, 0.06, 0.00
2.61, 0.43, 1.65 | 2.58, 0.44, 1.05 | 0.20, 0.40, -1.34 | 0.20, 0.40, 0.00
2.60, 0.43, 1.69 | 2.58, 0.43, 1.07 | 0.10, 0.82, -0.20 | 0.10, 0.82, 0.00
2.57, 0.45, 1.68 | 2.57, 0.44, 1.09 | 0.17, 0.93, 0.32 | 0.17, 0.93, 0.00
2.55, 0.44, 1.70 | 2.56, 0.44, 1.11 | 0.02, 0.49, 0.05 | 0.03, 0.49, 0.00
2.55, 0.42, 1.73 | 2.55, 0.44, 1.13 | 0.15, 0.16, 0.06 | 0.13, 0.17, 0.00
2.52, 0.41, 1.67 | 2.53, 0.42, 1.15 | 0.02, 0.33, 0.78 | 0.03, 0.33, 0.00
2.51, 0.37, 1.65 | 2.51, 0.38, 1.16 | 0.01, 0.24, 1.23 | 0.01, 0.24, 0.00
2.50, 0.35, 1.69 | 2.50, 0.37, 1.18 | 0.33, -0.17, 0.36 | 0.31, -0.17, 0.00
2.52, 0.37, 1.74 | 2.51, 0.37, 1.20 | 0.78, -0.62, -0.17 | 0.77, -0.62, 0.00
2.48, 0.37, 1.73 | 2.49, 0.37, 1.22 | 0.27, -0.53, 0.29 | 0.29, -0.53, 0.00
2.47, 0.37, 1.75 | 2.49, 0.36, 1.24 | 0.37, -0.22, -0.00 | 0.36, -0.22, 0.00
2.47, 0.37, 1.78 | 2.48, 0.36, 1.26 | -0.05, -0.37, -0.22 | -0.02, -0.36, 0.00
2.47, 0.38, 1.79 | 2.48, 0.37, 1.28 | -0.65, -0.45, 0.18 | -0.63, -0.45, 0.01
2.44, 0.38, 1.76 | 2.46, 0.37, 1.30 | -0.49, -0.61, 0.12 | -0.49, -0.61, 0.01
2.40, 0.37, 1.78 | 2.43, 0.36, 1.31 | 0.21, -0.41, 0.27 | 0.17, -0.41, 0.01
2.37, 0.36, 1.81 | 2.39, 0.36, 1.33 | 0.06, 1.50, 0.42 | 0.06, 1.50, 0.01
2.38, 0.34, 1.82 | 2.38, 0.34, 1.35 | 0.86, 1.49, -1.34 | 0.86, 1.49, 0.01
2.32, 0.34, 1.86 | 2.34, 0.34, 1.37 | 0.04, 1.32, 0.14 | 0.05, 1.32, 0.01
2.29, 0.32, 1.86 | 2.31, 0.33, 1.39 | -0.30, 0.86, -0.17 | -0.29, 0.86, 0.01
2.26, 0.33, 1.84 | 2.28, 0.34, 1.41 | -0.12, 0.69, -0.15 | -0.12, 0.69, 0.01
2.26, 0.33, 1.90 | 2.26, 0.34, 1.43 | 0.17, 0.39, 0.03 | 0.14, 0.39, 0.01
2.28, 0.32, 1.94 | 2.26, 0.33, 1.45 | -0.66, 0.70, 0.50 | -0.65, 0.69, 0.01
2.25, 0.32, 1.98 | 2.25, 0.34, 1.47 | -0.01, 0.01, -0.20 | -0.17, 0.03, 0.01
2.21, 0.32, 1.98 | 2.22, 0.34, 1.49 | 0.48, -0.40, -0.03 | 0.45, -0.40, 0.01
2.19, 0.35, 1.97 | 2.20, 0.35, 1.52 | 0.33, -0.93, -0.08 | 0.33, -0.93, 0.01
2.16, 0.37, 1.96 | 2.17, 0.37, 1.54 | -0.10, -0.52, 0.11 | -0.08, -0.52, 0.01
2.12, 0.37, 1.94 | 2.14, 0.37, 1.55 | -0.26, -0.56, -0.36 | -0.25, -0.56, 0.01
2.08, 0.37, 1.92 | 2.10, 0.37, 1.57 | -0.36, -0.47, 0.19 | -0.36, -0.47, 0.01
2.04, 0.37, 1.91 | 2.06, 0.36, 1.59 | -0.43, -0.25, 0.39 | -0.42, -0.25, 0.01
2.01, 0.39, 1.90 | 2.02, 0.38, 1.61 | -0.26, -0.91, 0.05 | -0.26, -0.91, 0.01
2.00, 0.37, 1.92 | 1.99, 0.37, 1.62 | 0.19, 0.11, 0.57 | 0.16, 0.11, 0.01
1.96, 0.40, 1.85 | 1.96, 0.39, 1.64 | 0.86, 0.45, -0.68 | 0.85, 0.45, 0.01
1.97, 0.40, 1.90 | 1.95, 0.39, 1.65 | 0.44, 0.64, -0.10 | 0.45, 0.64, 0.01
1.94, 0.43, 1.84 | 1.94, 0.41, 1.67 | 0.29, 0.38, -0.27 | 0.30, 0.38, 0.01
1.90, 0.46, 1.69 | 1.91, 0.44, 1.68 | 0.13, 0.48, -0.26 | 0.14, 0.48, 0.01
1.91, 0.47, 1.69 | 1.90, 0.47, 1.69 | 0.20, 0.38, 0.26 | 0.19, 0.38, 0.01
1.91, 0.48, 1.66 | 1.90, 0.48, 1.70 | 0.22, 0.35, 0.13 | 0.22, 0.35, 0.01
1.92, 0.52, 1.71 | 1.90, 0.51, 1.71 | 0.25, -0.20, 0.51 | 0.25, -0.20, 0.01
1.87, 0.57, 1.63 | 1.89, 0.56, 1.71 | 0.16, -0.60, 0.28 | 0.17, -0.60, 0.01
1.85, 0.59, 1.59 | 1.87, 0.59, 1.72 | 0.16, -0.35, -0.16 | 0.16, -0.35, 0.01
1.80, 0.64, 1.51 | 1.83, 0.63, 1.72 | -0.09, -0.75, -0.78 | -0.09, -0.75, 0.01
1.75, 0.64, 1.46 | 1.79, 0.64, 1.72 | 0.01, -0.61, 0.26 | 0.00, -0.61, 0.01
1.79, 0.64, 1.59 | 1.78, 0.64, 1.73 | -0.48, -0.06, 0.03 | -0.44, -0.07, 0.01
1.76, 0.65, 1.54 | 1.76, 0.65, 1.73 | -0.50, 0.09, -0.16 | -0.50, 0.08, 0.01
1.74, 0.65, 1.55 | 1.74, 0.65, 1.74 | -0.76, 0.05, 0.23 | -0.76, 0.05, 0.01
1.73, 0.67, 1.51 | 1.72, 0.66, 1.74 | -0.94, -0.14, 0.31 | -0.93, -0.14, 0.01
1.71, 0.69, 1.47 | 1.70, 0.68, 1.74 | -0.49, -0.31, -0.03 | -0.51, -0.31, 0.01
1.69, 0.71, 1.47 | 1.67, 0.70, 1.74 | 0.33, -0.19, -0.17 | 0.25, -0.19, 0.01
1.72, 0.72, 1.63 | 1.67, 0.71, 1.75 | 0.35, -0.03, 0.36 | 0.34, -0.04, 0.01
1.68, 0.68, 1.65 | 1.66, 0.69, 1.76 | 0.75, 0.09, -0.40 | 0.74, 0.09, 0.01
1.64, 0.66, 1.70 | 1.64, 0.67, 1.76 | 0.80, 0.53, -0.05 | 0.80, 0.53, 0.01
1.59, 0.64, 1.66 | 1.61, 0.66, 1.77 | 0.44, 0.63, 0.24 | 0.46, 0.63, 0.01
1.55, 0.62, 1.66 | 1.58, 0.64, 1.78 | 0.26, 0.26, -0.28 | 0.27, 0.26, 0.01
1.53, 0.59, 1.68 | 1.55, 0.62, 1.78 | 0.11, 0.27, 0.15 | 0.13, 0.27, 0.01
1.51, 0.59, 1.67 | 1.53, 0.61, 1.79 | 0.00, 0.20, 0.04 | 0.04, 0.20, 0.01
1.50, 0.59, 1.70 | 1.51, 0.60, 1.80 | 0.29, 0.15, 0.10 | 0.26, 0.15, 0.01
1.55, 0.65, 1.80 | 1.52, 0.63, 1.81 | -0.01, 0.02, 0.40 | 0.02, 0.03, 0.01
1.49, 0.68, 1.71 | 1.50, 0.66, 1.81 | -0.19, -0.59, 0.09 | -0.18, -0.59, 0.01
1.45, 0.70, 1.67 | 1.47, 0.69, 1.82 | -0.64, -0.33, 0.19 | -0.63, -0.33, 0.01
1.44, 0.74, 1.70 | 1.45, 0.73, 1.82 | -0.92, -0.01, 0.23 | -0.92, -0.01, 0.01
1.42, 0.75, 1.68 | 1.42, 0.74, 1.83 | -0.62, -0.07, -0.45 | -0.63, -0.07, 0.01
1.41, 0.76, 1.69 | 1.40, 0.75, 1.84 | -0.40, 0.12, 0.20 | -0.42, 0.12, 0.01
1.38, 0.81, 1.66 | 1.37, 0.78, 1.84 | -0.24, 0.05, -0.09 | -0.27, 0.05, 0.01
1.41, 0.85, 1.78 | 1.36, 0.82, 1.85 | -0.11, 0.25, 0.35 | -0.12, 0.25, 0.01
1.42, 0.88, 1.86 | 1.36, 0.86, 1.86 | 0.03, -0.04, 0.35 | 0.01, -0.04, 0.01
1.38, 0.88, 1.83 | 1.36, 0.88, 1.87 | 1.13, 0.12, 0.31 | 1.11, 0.12, 0.01
1.37, 0.92, 1.90 | 1.36, 0.91, 1.88 | 1.08, -0.35, -0.41 | 1.08, -0.35, 0.01
1.37, 0.95, 1.94 | 1.36, 0.95, 1.89 | 1.07, -0.04, -0.11 | 1.07, -0.04, 0.01
1.37, 0.98, 2.00 | 1.36, 0.98, 1.90 | 0.77, 0.13, -0.28 | 0.78, 0.13, 0.01
1.33, 0.96, 1.95 | 1.35, 0.97, 1.91 | 0.66, 0.16, -0.45 | 0.66, 0.16, 0.01
1.34, 0.99, 2.03 | 1.36, 0.99, 1.93 | 0.64, 0.44, 0.32 | 0.65, 0.44, 0.01
1.34, 1.02, 2.05 | 1.36, 1.02, 1.94 | 0.20, 0.30, 0.03 | 0.25, 0.30, 0.01
1.30, 1.04, 2.03 | 1.35, 1.04, 1.95 | -0.08, -0.35, 0.25 | -0.05, -0.35, 0.01
1.28, 1.08, 2.02 | 1.32, 1.08, 1.96 | -0.24, -0.80, 0.31 | -0.23, -0.80, 0.01
1.25, 1.13, 1.99 | 1.28, 1.12, 1.98 | -0.54, -0.73, -0.65 | -0.54, -0.73, 0.01
1.24, 1.17, 2.02 | 1.26, 1.16, 1.99 | -0.46, -0.64, -0.50 | -0.46, -0.64, 0.01
1.22, 1.21, 1.95 | 1.24, 1.19, 2.00 | -0.78, -0.18, -0.19 | -0.77, -0.18, 0.01
1.25, 1.26, 1.96 | 1.24, 1.24, 2.01 | -0.54, -0.25, -0.32 | -0.55, -0.25, 0.01
1.23, 1.29, 1.92 | 1.22, 1.27, 2.01 | -0.53, 0.09, 0.09 | -0.54, 0.09, 0.01
1.24, 1.34, 1.93 | 1.22, 1.32, 2.02 | -0.64, 0.12, 0.60 | -0.64, 0.12, 0.01
1.24, 1.38, 1.93 | 1.22, 1.37, 2.03 | -0.47, -0.39, 0.51 | -0.47, -0.39, 0.01
1.19, 1.41, 1.87 | 1.19, 1.41, 2.04 | 0.45, -0.45, -0.36 | 0.42, -0.45, 0.01
1.14, 1.44, 1.83 | 1.15, 1.44, 2.04 | 0.67, -0.90, -0.64 | 0.67, -0.90, 0.01
1.16, 1.48, 1.82 | 1.14, 1.47, 2.05 | 0.69, -0.50, 0.48 | 0.69, -0.50, 0.01
1.16, 1.54, 1.90 | 1.14, 1.52, 2.05 | 0.54, -0.06, 0.07 | 0.55, -0.07, 0.01
1.16, 1.58, 1.92 | 1.15, 1.56, 2.06 | 0.33, -0.20, 0.32 | 0.34, -0.20, 0.01
1.12, 1.58, 1.84 | 1.13, 1.58, 2.06 | 0.40, 0.23, 0.20 | 0.40, 0.23, 0.01
1.11, 1.63, 1.83 | 1.12, 1.61, 2.07 | 0.44, 0.03, 0.43 | 0.44, 0.03, 0.01
1.11, 1.69, 1.85 | 1.12, 1.67, 2.07 | -0.22, -0.82, 0.39 | -0.21, -0.82, 0.01
1.13, 1.73, 1.85 | 1.13, 1.72, 2.08 | -1.00, -0.66, 0.18 | -0.99, -0.66, 0.01
1.11, 1.74, 1.83 | 1.12, 1.74, 2.08 | -0.60, 0.30, -0.04 | -0.61, 0.30, 0.01
1.11, 1.76, 1.78 | 1.11, 1.76, 2.08 | -0.21, 0.55, 0.01 | -0.23, 0.55, 0.01
1.14, 1.81, 1.79 | 1.11, 1.79, 2.08 | -0.20, 0.34, -0.13 | -0.21, 0.34, 0.01
1.14, 1.85, 1.78 | 1.11, 1.84, 2.09 | -0.04, 0.41, 0.38 | -0.05, 0.41, 0.01
1.13, 1.88, 1.77 | 1.11, 1.87, 2.09 | 0.05, 0.11, 0.30 | 0.03, 0.11, 0.01
1.12, 1.91, 1.76 | 1.11, 1.91, 2.09 | 1.08, -0.49, 0.18 | 1.07, -0.49, 0.01
1.10, 1.93, 1.75 | 1.10, 1.93, 2.09 | 1.07, -0.14, 0.21 | 1.07, -0.14, 0.01
1.09, 1.96, 1.73 | 1.10, 1.96, 2.09 | 0.29, 0.32, -0.05 | 0.36, 0.32, 0.01
1.09, 2.01, 1.77 | 1.10, 2.00, 2.09 | 0.20, 0.20, -0.30 | 0.21, 0.20, 0.01
1.12, 2.07, 1.80 | 1.11, 2.06, 2.09 | 0.55, 0.26, 0.25 | 0.54, 0.26, 0.00
1.12, 2.09, 1.80 | 1.13, 2.09, 2.09 | 0.33, 0.52, 0.25 | 0.34, 0.52, 0.00
1.14, 2.12, 1.82 | 1.14, 2.13, 2.10 | 0.36, 0.50, 0.52 | 0.36, 0.50, 0.00
1.10, 2.10, 1.77 | 1.13, 2.12, 2.10 | -0.91, -0.13, 0.33 | -0.89, -0.13, 0.00
1.12, 2.13, 1.78 | 1.13, 2.14, 2.10 | -1.04, -0.36, -0.29 | -1.04, -0.36, 0.00
1.13, 2.17, 1.76 | 1.13, 2.17, 2.10 | -0.98, -0.18, -0.21 | -0.98, -0.18, 0.00
1.10, 2.17, 1.73 | 1.12, 2.18, 2.10 | -0.42, 0.50, 0.30 | -0.44, 0.50, 0.00
1.12, 2.20, 1.72 | 1.11, 2.21, 2.10 | -0.28, 0.23, -0.00 | -0.30, 0.23, 0.00
1.14, 2.25, 1.66 | 1.12, 2.25, 2.09 | 0.21, 0.15, 0.04 | 0.11, 0.15, 0.00
1.15, 2.29, 1.65 | 1.13, 2.29, 2.09 | 0.23, 0.46, 0.18 | 0.23, 0.46, 0.00
1.16, 2.33, 1.62 | 1.13, 2.33, 2.09 | -0.06, 0.00, 0.14 | 0.04, 0.02, 0.00
1.14, 2.34, 1.62 | 1.14, 2.35, 2.08 | 0.64, 0.23, 0.58 | 0.62, 0.23, 0.00
1.10, 2.36, 1.67 | 1.12, 2.37, 2.08 | 0.94, -0.82, -0.28 | 0.94, -0.82, 0.00
1.08, 2.38, 1.65 | 1.10, 2.39, 2.08 | 0.50, -1.02, -0.23 | 0.51, -1.02, 0.00
1.08, 2.38, 1.58 | 1.10, 2.39, 2.07 | 0.48, 0.30, 0.33 | 0.48, 0.30, 0.00
1.07, 2.41, 1.53 | 1.09, 2.41, 2.06 | 0.24, 0.15, -0.20 | 0.27, 0.15, 0.00
1.06, 2.43, 1.56 | 1.09, 2.43, 2.06 | 0.01, 0.42, 0.09 | 0.03, 0.42, 0.00
1.03, 2.42, 1.62 | 1.08, 2.44, 2.05 | 0.04, 0.36, 0.06 | 0.04, 0.36, 0.00
1.02, 2.44, 1.65 | 1.06, 2.45, 2.05 | -0.24, 0.44, 0.32 | -0.22, 0.44, 0.00
1.02, 2.47, 1.64 | 1.04, 2.47, 2.05 | -0.34, 0.40, 0.85 | -0.34, 0.40, 0.00
1.03, 2.48, 1.60 | 1.03, 2.49, 2.04 | -0.99, -0.25, 0.45 | -0.98, -0.25, 0.00
1.03, 2.50, 1.52 | 1.03, 2.50, 2.03 | -1.25, -0.52, 0.21 | -1.25, -0.52, 0.00
0.97, 2.53, 1.52 | 0.99, 2.53, 2.03 | -0.95, -0.84, -0.29 | -0.95, -0.84, 0.00
0.92, 2.52, 1.49 | 0.94, 2.53, 2.02 | -0.23, -0.40, 0.66 | -0.25, -0.40, 0.00
0.96, 2.57, 1.52 | 0.93, 2.56, 2.01 | -0.04, -1.02, 0.08 | -0.04, -1.02, 0.00
0.93, 2.55, 1.59 | 0.92, 2.56, 2.01 | 0.43, -1.07, 0.41 | 0.43, -1.07, 0.00
0.92, 2.53, 1.54 | 0.91, 2.53, 2.00 | 0.68, 0.85, 0.14 | 0.67, 0.85, 0.00
0.91, 2.49, 1.51 | 0.90, 2.50, 1.99 | 0.61, 1.09, -0.55 | 0.61, 1.09, 0.00
0.88, 2.47, 1.55 | 0.88, 2.47, 1.99 | 0.30, 2.25, -0.05 | 0.30, 2.25, 0.00
0.88, 2.46, 1.56 | 0.88, 2.46, 1.98 | 0.28, 1.70, -0.45 | 0.28, 1.70, 0.00
0.88, 2.40, 1.50 | 0.88, 2.41, 1.97 | -0.46, 1.82, -0.27 | -0.46, 1.82, 0.00
0.86, 2.35, 1.53 | 0.86, 2.38, 1.97 | -0.79, 0.34, 0.11 | -0.78, 0.35, 0.00
0.93, 2.37, 1.61 | 0.90, 2.38, 1.96 | 0.02, -0.05, -1.05 | 0.01, -0.05, 0.00
0.95, 2.34, 1.55 | 0.92, 2.37, 1.95 | -0.27, -0.28, -0.21 | -0.25, -0.27, 0.00
0.99, 2.36, 1.61 | 0.96, 2.37, 1.95 | -0.23, -0.70, 0.50 | -0.23, -0.70, 0.00
0.99, 2.34, 1.65 | 0.97, 2.35, 1.95 | -0.05, -0.55, -0.38 | -0.06, -0.55, 0.00
1.04, 2.33, 1.63 | 1.01, 2.33, 1.94 | -0.44, -0.68, 0.10 | -0.43, -0.68, 0.00
1.08, 2.32, 1.61 | 1.05, 2.32, 1.94 | -0.42, -0.38, -0.11 | -0.42, -0.39, 0.00
1.10, 2.29, 1.60 | 1.07, 2.30, 1.93 | -0.48, -0.40, 0.13 | -0.48, -0.40, 0.00
1.10, 2.28, 1.65 | 1.09, 2.28, 1.93 | -0.49, -0.20, -0.22 | -0.49, -0.20, 0.00
1.16, 2.32, 1.68 | 1.12, 2.29, 1.93 | -0.43, -0.17, 0.07 | -0.44, -0.17, 0.00
1.14, 2.31, 1.68 | 1.13, 2.30, 1.93 | -0.76, -0.14, 0.17 | -0.75, -0.14, 0.00
1.15, 2.31, 1.68 | 1.14, 2.30, 1.92 | -0.35, -0.08, 0.05 | -0.40, -0.08, 0.00
1.15, 2.32, 1.63 | 1.14, 2.30, 1.92 | -0.29, -0.20, 0.03 | -0.30, -0.20, -0.00
1.17, 2.30, 1.62 | 1.15, 2.29, 1.91 | -0.33, -0.21, 0.00 | -0.33, -0.21, -0.00
1.18, 2.31, 1.65 | 1.15, 2.29, 1.91 | -0.17, -0.10, 0.11 | -0.21, -0.10, -0.00
1.18, 2.31, 1.66 | 1.15, 2.29, 1.91 | -0.06, 0.01, -0.03 | -0.13, -0.01, -0.00
1.17, 2.31, 1.65 | 1.16, 2.29, 1.90 | -0.08, -0.10, 0.03 | -0.10, -0.09, -0.00
1.19, 2.30, 1.63 | 1.16, 2.29, 1.90 | 0.10, -0.06, 0.05 | 0.01, -0.07, -0.00
1.19, 2.30, 1.63 | 1.17, 2.29, 1.90 | 0.17, -0.07, -0.11 | 0.13, -0.07, -0.00
1.18, 2.29, 1.67 | 1.17, 2.28, 1.89 | 0.01, -0.10, 0.03 | 0.06, -0.10, -0.00
1.18, 2.30, 1.64 | 1.17, 2.28, 1.89 | 0.06, -0.07, -0.18 | 0.06, -0.07, -0.00
1.20, 2.29, 1.62 | 1.18, 2.28, 1.89 | 0.07, -0.07, 0.06 | 0.06, -0.07, -0.00
1.21, 2.29, 1.63 | 1.19, 2.28, 1.88 | -0.06, -0.07, 0.09 | -0.01, -0.07, -0.00
1.21, 2.29, 1.64 | 1.19, 2.27, 1.88 | 0.03, -0.08, 0.03 | 0.01, -0.08, -0.00
1.20, 2.30, 1.64 | 1.20, 2.27, 1.87 | 0.00, 0.02, 0.01 | 0.01, -0.02, -0.00
1.20, 2.32, 1.65 | 1.20, 2.28, 1.87 | -0.05, -0.08, 0.05 | -0.02, -0.08, -0.00
1.20, 2.31, 1.63 | 1.20, 2.28, 1.87 | -0.20, -0.26, 0.06 | -0.18, -0.25, -0.00
1.18, 2.31, 1.67 | 1.20, 2.29, 1.86 | -0.02, 0.12, -0.04 | -0.08, 0.10, -0.00
1.19, 2.30, 1.63 | 1.20, 2.28, 1.86 | 0.08, 0.06, 0.07 | 0.02, 0.07, -0.00
1.18, 2.30, 1.65 | 1.19, 2.29, 1.86 | 0.08, 0.25, 0.00 | 0.07, 0.25, -0.00
1.16, 2.29, 1.67 | 1.18, 2.29, 1.85 | -0.62, 0.31, -0.53 | -0.60, 0.31, -0.00
1.18, 2.28, 1.69 | 1.18, 2.28, 1.85 | -0.19, 0.11, -0.17 | -0.26, 0.12, -0.00
1.21, 2.25, 1.65 | 1.18, 2.27, 1.85 | -0.03, 0.14, -0.06 | -0.10, 0.14, -0.00
1.23, 2.29, 1.69 | 1.20, 2.28, 1.84 | 0.54, -0.27, -0.74 | 0.53, -0.27, -0.00
1.21, 2.29, 1.73 | 1.20, 2.29, 1.84 | -0.27, -0.02, -0.18 | -0.15, -0.02, -0.00
1.19, 2.28, 1.69 | 1.20, 2.29, 1.84 | 0.05, 0.09, -0.08 | -0.03, 0.08, -0.00
1.21, 2.32, 1.68 | 1.20, 2.30, 1.84 | -0.21, 0.32, -0.40 | -0.20, 0.32, -0.00
1.19, 2.33, 1.67 | 1.20, 2.32, 1.84 | 0.13, 0.21, 0.36 | 0.10, 0.21, -0.00
1.19, 2.34, 1.64 | 1.19, 2.34, 1.83 | -0.36, 0.51, 1.10 | -0.36, 0.51, -0.00
1.17, 2.34, 1.60 | 1.18, 2.34, 1.83 | 0.36, 0.56, 0.79 | 0.34, 0.56, -0.00
1.15, 2.34, 1.59 | 1.16, 2.35, 1.82 | 0.16, 0.51, 0.11 | 0.17, 0.51, -0.00
1.12, 2.35, 1.60 | 1.14, 2.36, 1.82 | 0.36, 0.14, 0.16 | 0.34, 0.15, -0.00
1.08, 2.37, 1.65 | 1.11, 2.38, 1.81 | -0.47, -0.06, 0.08 | -0.41, -0.05, -0.00
1.07, 2.38, 1.61 | 1.08, 2.38, 1.81 | -1.59, -0.10, -0.97 | -1.59, -0.10, -0.00
1.08, 2.36, 1.55 | 1.07, 2.37, 1.80 | -1.52, -0.30, 0.19 | -1.52, -0.30, -0.00
1.06, 2.37, 1.59 | 1.06, 2.37, 1.80 | -0.82, 1.04, -1.71 | -0.83, 1.04, -0.00
1.06, 2.38, 1.58 | 1.05, 2.38, 1.79 | 0.14, 1.06, -1.40 | 0.14, 1.06, -0.00
1.03, 2.43, 1.63 | 1.02, 2.42, 1.79 | 0.81, -0.53, -0.70 | 0.80, -0.53, -0.00
1.02, 2.46, 1.64 | 1.01, 2.46, 1.78 | 0.93, -1.39, -0.48 | 0.93, -1.39, -0.00
0.98, 2.49, 1.62 | 0.98, 2.49, 1.78 | 0.90, -0.32, -2.09 | 0.90, -0.32, -0.00
0.89, 2.48, 1.62 | 0.91, 2.48, 1.77 | 0.46, -1.16, -2.27 | 0.46, -1.16, -0.00
0.80, 2.47, 1.62 | 0.82, 2.47, 1.77 | 0.10, -1.71, -2.01 | 0.10, -1.71, -0.00
0.75, 2.50, 1.57 | 0.76, 2.50, 1.76 | 0.60, -1.73, -0.84 | 0.60, -1.73, -0.00
0.72, 2.52, 1.59 | 0.72, 2.51, 1.76 | -0.50, -1.64, 0.27 | -0.49, -1.64, -0.00
0.70, 2.55, 1.54 | 0.70, 2.54, 1.75 | -1.08, 1.48, 2.61 | -1.08, 1.48, -0.00
0.70, 2.58, 1.47 | 0.70, 2.58, 1.75 | -0.97, 0.27, 3.13 | -0.97, 0.27, -0.00
0.66, 2.55, 1.34 | 0.66, 2.55, 1.74 | -3.79, 2.97, 2.79 | -3.79, 2.97, -0.00
0.65, 2.54, 1.24 | 0.64, 2.54, 1.72 | -0.63, 0.72, 1.34 | -0.66, 0.72, -0.00
0.65, 2.53, 1.20 | 0.62, 2.54, 1.71 | 0.17, -0.23, 0.61 | 0.14, -0.22, -0.00
0.61, 2.53, 1.11 | 0.60, 2.53, 1.69 | 0.34, -0.41, -1.54 | 0.34, -0.41, -0.00
0.63, 2.56, 1.17 | 0.61, 2.56, 1.67 | 0.82, -0.52, -0.62 | 0.82, -0.52, -0.00
0.62, 2.55, 1.13 | 0.61, 2.55, 1.66 | 1.03, 0.35, 0.81 | 1.02, 0.35, -0.00
0.58, 2.52, 1.20 | 0.58, 2.53, 1.64 | 0.20, 2.43, -0.48 | 0.20, 2.43, -0.00
0.57, 2.51, 1.13 | 0.57, 2.52, 1.63 | 0.43, 1.10, 0.77 | 0.43, 1.10, -0.00
0.54, 2.53, 1.12 | 0.55, 2.53, 1.61 | 0.39, 0.03, 0.84 | 0.39, 0.03, -0.00
0.52, 2.52, 1.06 | 0.53, 2.53, 1.59 | -0.34, -0.78, -0.59 | -0.33, -0.78, -0.00
0.46, 2.51, 1.05 | 0.48, 2.51, 1.58 | -0.96, 0.36, 0.87 | -0.95, 0.36, -0.00
0.48, 2.54, 1.06 | 0.47, 2.53, 1.56 | -0.47, 1.22, 0.42 | -0.48, 1.22, -0.00
0.46, 2.56, 1.01 | 0.46, 2.56, 1.54 | -0.15, -0.60, -0.26 | -0.16, -0.60, -0.00
0.47, 2.57, 0.97 | 0.45, 2.57, 1.52 | -0.36, -0.26, 1.04 | -0.36, -0.26, -0.00
0.44, 2.58, 0.94 | 0.43, 2.58, 1.50 | 0.29, -0.42, -0.93 | 0.28, -0.42, -0.00
0.43, 2.60, 0.94 | 0.42, 2.60, 1.48 | 0.56, -0.19, -1.41 | 0.55, -0.19, -0.00
0.47, 2.64, 0.96 | 0.45, 2.63, 1.47 | 0.39, -0.71, -1.21 | 0.39, -0.71, -0.01
0.47, 2.63, 0.94 | 0.46, 2.63, 1.45 | 1.62, -0.23, -0.03 | 1.61, -0.23, -0.01
0.46, 2.62, 0.88 | 0.46, 2.62, 1.43 | 1.17, -0.73, 0.06 | 1.18, -0.73, -0.01
0.33, 2.61, 0.89 | 0.39, 2.61, 1.41 | 0.78, 0.13, 0.51 | 0.78, 0.13, -0.01
0.29, 2.65, 1.17 | 0.34, 2.64, 1.40 | 0.06, 0.73, 0.62 | 0.07, 0.73, -0.01
0.27, 2.62, 1.05 | 0.30, 2.63, 1.38 | -0.37, 0.02, 0.19 | -0.33, 0.02, -0.01
0.30, 2.56, 0.90 | 0.30, 2.58, 1.36 | -0.30, -0.73, -0.65 | -0.30, -0.73, -0.01
0.30, 2.59, 0.88 | 0.29, 2.58, 1.34 | -0.74, 0.02, -0.05 | -0.72, 0.01, -0.01
0.36, 2.50, 0.77 | 0.32, 2.53, 1.32 | 0.14, 0.29, -0.60 | 0.11, 0.29, -0.01
0.37, 2.49, 0.71 | 0.36, 2.49, 1.30 | -2.14, -1.89, -4.33 | -2.14, -1.89, -0.01
0.35, 2.49, 0.65 | 0.35, 2.49, 1.27 | -0.69, -0.28, 1.03 | -0.70, -0.28, -0.01
0.30, 2.50, 0.61 | 0.30, 2.49, 1.25 | -0.90, 0.62, 0.94 | -0.89, 0.62, -0.01
0.24, 2.49, 0.57 | 0.24, 2.48, 1.22 | -1.36, 1.24, -0.42 | -1.36, 1.24, -0.01
0.28, 2.44, 0.56 | 0.27, 2.44, 1.20 | 3.13, -6.32, 0.15 | 3.12, -6.32, -0.01
0.31, 2.41, 0.56 | 0.29, 2.41, 1.17 | -0.63, -0.29, -0.73 | -0.56, -0.30, -0.01
0.38, 2.39, 0.54 | 0.36, 2.38, 1.14 | 1.51, 1.30, -0.10 | 1.50, 1.30, -0.01
0.43, 2.37, 0.54 | 0.41, 2.36, 1.12 | 0.12, 1.18, -0.02 | 0.13, 1.18, -0.01
0.44, 2.38, 0.55 | 0.44, 2.37, 1.10 | -0.54, 0.98, -0.22 | -0.53, 0.98, -0.01
0.48, 2.39, 0.54 | 0.48, 2.38, 1.07 | 0.94, -0.01, 0.08 | 0.90, -0.01, -0.01
0.47, 2.42, 0.57 | 0.48, 2.42, 1.05 | -0.48, -2.56, -0.14 | -0.48, -2.56, -0.01
0.39, 2.44, 0.59 | 0.43, 2.43, 1.03 | 0.41, -1.52, -0.34 | 0.40, -1.52, -0.01
0.26, 2.41, 0.58 | 0.31, 2.41, 1.00 | -1.35, -1.38, -0.17 | -1.35, -1.38, -0.01
0.21, 2.41, 0.56 | 0.23, 2.40, 0.98 | 1.51, -1.15, 0.91 | 1.50, -1.15, -0.01
0.26, 2.41, 0.57 | 0.25, 2.40, 0.96 | 1.33, -0.69, -0.27 | 1.33, -0.69, -0.01
0.26, 2.41, 0.58 | 0.26, 2.40, 0.94 | 0.58, -0.55, -0.44 | 0.60, -0.55, -0.01
0.21, 2.42, 0.61 | 0.22, 2.41, 0.92 | 2.85, -0.38, 0.61 | 2.84, -0.38, -0.01
0.16, 2.41, 0.61 | 0.18, 2.41, 0.90 | 1.43, -0.62, 0.30 | 1.44, -0.62, -0.01
0.15, 2.44, 0.63 | 0.17, 2.42, 0.88 | -0.75, 0.21, -0.99 | -0.73, 0.21, -0.01
0.13, 2.42, 0.63 | 0.14, 2.42, 0.86 | 2.90, 1.47, 1.68 | 2.89, 1.47, -0.01
0.10, 2.42, 0.62 | 0.13, 2.42, 0.84 | 0.07, -1.03, 0.62 | 0.10, -1.03, -0.01
0.10, 2.44, 0.62 | 0.13, 2.43, 0.83 | -0.79, 0.40, 1.23 | -0.78, 0.40, -0.01
0.12, 2.45, 0.62 | 0.13, 2.44, 0.81 | 0.48, 0.15, -0.52 | 0.43, 0.15, -0.01
0.12, 2.46, 0.63 | 0.13, 2.45, 0.79 | -0.03, 0.26, -5.53 | -0.03, 0.26, -0.01
0.11, 2.45, 0.63 | 0.12, 2.45, 0.77 | 0.43, -0.33, -0.21 | 0.41, -0.33, -0.01
0.10, 2.46, 0.62 | 0.11, 2.46, 0.76 | 0.82, 0.10, -3.52 | 0.82, 0.10, -0.01
0.06, 2.46, 0.62 | 0.08, 2.46, 0.74 | 0.54, 0.95, 0.72 | 0.54, 0.95, -0.01
0.10, 2.47, 0.62 | 0.10, 2.47, 0.72 | 0.54, 0.95, 0.72 | 0.54, 0.95, -0.01
0.07, 2.47, 0.63 | 0.09, 2.47, 0.71 | 0.54, 0.95, 0.72 | 0.54, 0.95, -0.01
-0.00, 2.44, 0.56 | 0.03, 2.45, 0.69 | 0.54, 0.95, 0.72 | 0.54, 0.95, -0.01
0.03, 2.43, 0.58 | 0.04, 2.44, 0.68 | -0.59, 1.30, 0.77 | -0.58, 1.30, -0.01
0.05, 2.44, 0.58 | 0.05, 2.44, 0.66 | -1.05, 0.54, -0.36 | -1.04, 0.54, -0.01
0.06, 2.43, 0.58 | 0.06, 2.44, 0.64 | 0.13, 0.95, 2.01 | 0.12, 0.95, -0.01
0.09, 2.44, 0.59 | 0.08, 2.45, 0.63 | 0.76, 1.11, -0.91 | 0.75, 1.11, -0.01
0.07, 2.45, 0.62 | 0.07, 2.46, 0.62 | -0.73, -1.24, 0.60 | -0.72, -1.24, -0.01
0.08, 2.45, 0.63 | 0.08, 2.46, 0.60 | 0.37, 0.56, -0.52 | 0.34, 0.55, -0.01
0.09, 2.48, 0.61 | 0.09, 2.48, 0.59 | 0.42, 1.75, -0.92 | 0.42, 1.75, -0.01
0.10, 2.48, 0.62 | 0.10, 2.48, 0.58 | -2.06, -0.37, 0.98 | -2.05, -0.37, -0.01
0.08, 2.48, 0.63 | 0.08, 2.49, 0.56 | -0.76, 0.04, 0.06 | -0.80, 0.04, -0.01
0.07, 2.48, 0.63 | 0.07, 2.48, 0.55 | 1.03, -0.31, -2.29 | 1.03, -0.31, -0.01
0.07, 2.48, 0.65 | 0.06, 2.49, 0.54 | -0.64, 0.10, 0.93 | -0.62, 0.10, -0.01
-0.07, 2.45, 0.57 | -0.02, 2.46, 0.53 | -0.91, 0.30, -0.01 | -0.91, 0.30, -0.01
-0.14, 2.42, 0.53 | -0.11, 2.43, 0.51 | 0.45, 0.42, 0.88 | 0.43, 0.42, -0.01
-0.08, 2.44, 0.55 | -0.12, 2.44, 0.50 | -0.13, 0.22, 0.44 | -0.09, 0.22, -0.01
-0.21, 2.38, 0.59 | -0.18, 2.41, 0.49 | 0.31, 0.24, 0.09 | 0.27, 0.24, -0.01
-0.13, 2.41, 0.61 | -0.18, 2.41, 0.48 | 0.55, -0.32, 0.21 | 0.54, -0.32, -0.01
-0.05, 2.43, 0.63 | -0.13, 2.42, 0.47 | 0.16, 0.04, 0.41 | 0.19, 0.04, -0.01
-0.01, 2.45, 0.62 | -0.08, 2.43, 0.46 | -0.35, -0.04, 0.42 | -0.31, -0.04, -0.01
0.14, 2.47, 0.65 | 0.01, 2.45, 0.45 | -0.07, 0.06, -0.11 | -0.15, 0.06, -0.01
0.16, 2.47, 0.66 | 0.10, 2.47, 0.44 | 0.60, -0.35, 0.76 | 0.58, -0.35, -0.01
0.13, 2.47, 0.65 | 0.13, 2.47, 0.43 | 0.51, -0.58, 3.36 | 0.51, -0.58, -0.01
0.13, 2.47, 0.64 | 0.15, 2.47, 0.43 | 0.08, 0.08, 0.01 | 0.24, 0.04, -0.01
0.10, 2.47, 0.63 | 0.14, 2.47, 0.42 | 0.13, 0.08, 0.16 | 0.16, 0.08, -0.01
0.10, 2.48, 0.65 | 0.13, 2.47, 0.41 | -0.05, 0.14, -0.09 | 0.02, 0.14, -0.01
0.10, 2.48, 0.65 | 0.12, 2.48, 0.40 | -0.11, -0.07, 1.22 | -0.11, -0.07, -0.01
0.08, 2.49, 0.64 | 0.10, 2.48, 0.40 | 0.23, -0.21, 0.76 | 0.22, -0.21, -0.01
0.10, 2.49, 0.68 | 0.10, 2.49, 0.39 | 0.16, 0.07, -0.51 | 0.16, 0.07, -0.01
